,H,He,N,N2,Ne,O,O2,Te,Tn,mer,zon
2015-12-19 00:00:00,165664.1,4668689.0,9805766.0,396200450.0,261081055232.0,1096169600.0,14708353.0,896.73914,867.4442,66.59514,109.77511
2015-12-19 00:10:00,169116.66,4740114.5,9616931.0,391333630.0,250410893312.0,1098343700.0,14436198.0,873.5303,862.4471,64.39012,106.47789
2015-12-19 00:20:00,172574.72,4813314.5,9455871.0,386886900.0,239976513536.0,1100935700.0,14189521.0,856.6673,857.8494,61.986866,102.72386
2015-12-19 00:30:00,176032.28,4887719.5,9320857.0,382876700.0,230270533632.0,1103913200.0,13969644.0,852.17206,853.66797,59.417522,98.57961
2015-12-19 00:40:00,179483.67,4962750.0,9210071.0,379315680.0,221741039616.0,1107241000.0,13777542.0,848.11176,849.9145,56.716053,94.11519
2015-12-19 00:50:00,182923.88,5037829.0,9121550.0,376209500.0,214716268544.0,1110880900.0,13613790.0,844.49255,846.5942,53.917698,89.40301
2015-12-19 01:00:00,186348.56,5112389.5,9053181.0,373555620.0,209362157568.0,1114787600.0,13478557.0,841.3146,843.7064,51.058388,84.51675
2015-12-19 01:10:00,189753.52,5185878.0,9002740.0,371346000.0,205684047872.0,1118911500.0,13371651.0,838.5716,841.24475,48.174168,79.53015
2015-12-19 01:20:00,193135.08,5257778.5,8967857.0,369565440.0,203552047104.0,1123199400.0,13292547.0,836.2515,839.1964,45.300636,74.51595
2015-12-19 01:30:00,196489.95,5327616.0,8946026.0,368192260.0,202737614848.0,1127594400.0,13240394.0,834.33636,837.54315,42.4724,69.54471
2015-12-19 01:40:00,199814.73,5394964.5,8934618.0,367198720.0,202954342400.0,1132034200.0,13213994.0,832.80255,836.2613,39.72252,64.68379
2015-12-19 01:50:00,203106.25,5459464.5,8930909.0,366552160.0,203895144448.0,1136456600.0,13211889.0,831.62115,835.32214,37.08208,59.99634
2015-12-19 02:00:00,206361.27,5520829.5,8932078.0,366214430.0,205265633280.0,1140799200.0,13232339.0,830.7592,834.69257,34.579697,55.54039
2015-12-19 02:10:00,209576.22,5578853.5,8935274.0,366144800.0,206810218496.0,1145001000.0,13273356.0,830.1793,834.3355,32.24115,51.367992
2015-12-19 02:20:00,212747.69,5633422.5,8937640.0,366299140.0,208331948032.0,1149005200.0,13332757.0,829.84094,834.2107,30.089031,47.524513
2015-12-19 02:30:00,215871.39,5684514.5,8936405.0,366633020.0,209696505856.0,1152763500.0,13408196.0,829.70074,834.2754,28.142447,44.048042
2015-12-19 02:40:00,218943.06,5732205.0,8928900.0,367101100.0,210830934016.0,1156232600.0,13497152.0,829.71375,834.4849,26.416792,40.968845
2015-12-19 02:50:00,221957.73,5776662.0,8912667.0,367658370.0,211712802816.0,1159379800.0,13597002.0,829.8339,834.79364,24.923573,38.30905
2015-12-19 03:00:00,224909.05,5818137.5,8885510.0,368261730.0,212354482176.0,1162184300.0,13705039.0,826.66516,835.15564,23.60398,36.090885
2015-12-19 03:10:00,227792.95,5857013.0,8845548.0,368872300.0,212783972352.0,1164640300.0,13818657.0,826.8232,835.52576,22.602806,34.297527
2015-12-19 03:20:00,230602.06,5893710.0,8791333.0,369454200.0,213031567360.0,1166751900.0,13935169.0,826.9524,835.8598,21.849916,32.941246
2015-12-19 03:30:00,233329.12,5928735.5,8721813.0,369974180.0,213113962496.0,1168535000.0,14051964.0,827.0104,836.11584,21.340649,32.01074
2015-12-19 03:40:00,235966.69,5962655.5,8636452.0,370406800.0,213026406400.0,1170019800.0,14166588.0,826.95746,836.2545,21.066103,31.486567
2015-12-19 03:50:00,238506.6,5996095.5,8535191.0,370730300.0,212738146304.0,1171248000.0,14276745.0,826.7573,836.2399,21.013166,31.341602
2015-12-19 04:00:00,240940.34,6029704.5,8418454.0,370928220.0,212192329728.0,1172269000.0,14380322.0,826.3779,836.0404,21.164576,31.541462
2015-12-19 04:10:00,243259.08,6064170.0,8287153.0,370990940.0,211309248512.0,1173144300.0,14475519.0,825.7919,835.6286,21.49903,32.045105
2015-12-19 04:20:00,245453.58,6100175.0,8142601.5,370911870.0,209996349440.0,1173937500.0,14560714.0,824.97675,834.98224,21.991407,32.80556
2015-12-19 04:30:00,247514.58,6138414.5,7986500.5,370691300.0,208157638656.0,1174719900.0,14634662.0,823.91595,834.08453,22.613087,33.770733
2015-12-19 04:40:00,249432.64,6179557.5,7820849.5,370333440.0,205706788864.0,1175564200.0,14696409.0,822.59863,832.9245,23.332436,34.884342
2015-12-19 04:50:00,251198.56,6224249.0,7647882.0,369846750.0,202581557248.0,1176542000.0,14745336.0,821.02014,831.4972,24.115461,36.08701
2015-12-19 05:00:00,252803.11,6273097.0,7469981.0,369243170.0,198755483648.0,1177725600.0,14781161.0,832.0242,829.80365,24.926647,37.317387
2015-12-19 05:10:00,254237.55,6326659.0,7289619.5,368539070.0,194248441856.0,1179183700.0,14803953.0,851.8104,827.85114,25.729927,38.51342
2015-12-19 05:20:00,255493.4,6385432.0,7109252.0,367752160.0,189135077376.0,1180980400.0,14814114.0,870.30334,825.65314,26.489769,39.613613
2015-12-19 05:30:00,256563.03,6449845.0,6931305.5,366903900.0,183543545856.0,1183173500.0,14812356.0,884.79553,823.22894,27.172245,40.55828
2015-12-19 05:40:00,257439.42,6520251.5,6758094.0,366017180.0,177655169024.0,1185816400.0,14799746.0,892.53064,820.60376,27.746067,41.290768
2015-12-19 05:50:00,258116.44,6596916.0,6591789.5,365116930.0,171694800896.0,1188952300.0,14777563.0,891.5027,817.8076,28.183449,41.75854
2015-12-19 06:00:00,258589.02,6680009.5,6434401.0,364229100.0,165920620544.0,1192618100.0,14747371.0,881.1335,814.876,28.803375,42.021782
2015-12-19 06:10:00,258853.05,6769602.0,6287755.5,363381820.0,160613662720.0,1196843500.0,14711003.0,894.2788,811.84814,28.90202,41.826557
2015-12-19 06:20:00,258905.95,6865653.0,6153500.5,362603600.0,156067364864.0,1201648600.0,14670438.0,920.0734,808.76733,28.801714,41.2409
2015-12-19 06:30:00,258746.31,6968010.5,6033102.0,361923500.0,152581029888.0,1207045600.0,14627823.0,949.7836,805.6794,28.49342,40.23692
2015-12-19 06:40:00,258374.16,7076392.5,5927857.0,361370400.0,150455255040.0,1213036700.0,14585383.0,983.7987,802.6324,27.972988,38.794163
2015-12-19 06:50:00,257791.12,7190400.5,5838925.5,360973470.0,149991931904.0,1219617800.0,14545466.0,1022.4836,799.6757,27.240932,36.89981
2015-12-19 07:00:00,257000.31,7309496.0,5767333.0,360760740.0,151494426624.0,1226773600.0,14510387.0,1066.1602,796.8592,26.302122,34.548767
2015-12-19 07:10:00,256006.4,7433013.5,5714004.5,360758620.0,155269840896.0,1234479100.0,14482422.0,1115.0786,794.232,25.165506,31.743626
2015-12-19 07:20:00,254815.53,7560148.0,5679788.0,360991840.0,161628749824.0,1242700300.0,14463768.0,1169.386,791.8421,23.843815,28.494564
2015-12-19 07:30:00,253435.48,7689971.0,5665469.5,361482100.0,170882039808.0,1251392400.0,14456481.0,1263.4421,789.7349,22.353277,24.81909
2015-12-19 07:40:00,251875.53,7821422.0,5671791.0,362246620.0,183329472512.0,1260498600.0,14462394.0,1358.3186,787.9534,20.713314,20.74172
2015-12-19 07:50:00,250146.1,7953327.5,5699473.0,363299070.0,199241400320.0,1269951700.0,14483145.0,1451.1919,786.53613,18.946268,16.293541
2015-12-19 08:00:00,248259.0,8084404.5,5749211.5,364646600.0,218950418432.0,1279670700.0,14520005.0,1540.8601,785.51746,17.077093,11.511694
2015-12-19 08:10:00,246227.12,8213295.5,5821700.5,366291330.0,243498303488.0,1289565700.0,14574008.0,1625.8813,784.9265,15.133022,6.4387226
2015-12-19 08:20:00,244064.27,8338565.5,5917617.0,368228700.0,272324378624.0,1299532900.0,14645758.0,1704.9395,784.7868,13.143209,1.121881
2015-12-19 08:30:00,241784.89,8458748.0,6037623.0,370446900.0,305400250368.0,1309460200.0,14735503.0,1776.9752,785.1157,11.13832,-4.3876734
2015-12-19 08:40:00,239404.1,8572367.0,6182351.5,372928200.0,342484811776.0,1319227400.0,14843128.0,1841.225,785.92456,9.150115,-10.035737
2015-12-19 08:50:00,236937.2,8677968.0,6352404.5,375648500.0,383036555264.0,1328707300.0,14968051.0,1897.5002,787.2182,7.2109714,-15.765974
2015-12-19 09:00:00,234399.45,8774160.0,6548292.0,378576700.0,426159308800.0,1337772500.0,15109378.0,1945.7383,788.99493,5.4563,-21.57281
2015-12-19 09:10:00,231806.3,8859648.0,6770453.0,381678620.0,470651568128.0,1346297100.0,15265846.0,1986.4276,791.247,3.7371452,-27.295431
2015-12-19 09:20:00,229172.42,8933272.0,7019198.0,384915840.0,515124101120.0,1354161400.0,15435856.0,2019.6847,793.96045,2.1598198,-32.92942
2015-12-19 09:30:00,226512.06,8994032.0,7294677.0,388247700.0,558085308416.0,1361255300.0,15617535.0,2046.1011,797.11584,0.7534635,-38.41967
2015-12-19 09:40:00,223838.56,9041133.0,7596859.0,391634400.0,597986246656.0,1367487200.0,15808857.0,2066.6316,800.6889,-0.45488465,-43.71372
2015-12-19 09:50:00,221164.23,9073992.0,7925472.0,395036480.0,633291866112.0,1372781800.0,16007585.0,2082.431,804.6507,-1.4408228,-48.76265
2015-12-19 10:00:00,218500.16,9092273.0,8279993.0,398418780.0,662569943040.0,1377089800.0,16211497.0,2094.6338,808.9689,-2.183095,-53.521877
2015-12-19 10:10:00,215856.06,9095877.0,8659614.0,401750460.0,684588204032.0,1380385800.0,16418291.0,2104.1804,813.60803,-2.664039,-57.95191
2015-12-19 10:20:00,213240.34,9084964.0,9063207.0,405006900.0,698404110336.0,1382674200.0,16625814.0,2111.776,818.5306,-2.8699548,-62.018906
2015-12-19 10:30:00,210659.64,9059930.0,9489323.0,408171600.0,703464407040.0,1383985400.0,16832028.0,2117.9102,823.69775,-2.7914317,-65.69524
2015-12-19 10:40:00,208119.14,9021407.0,9936193.0,411236160.0,699642478592.0,1384380300.0,17035118.0,2122.8896,829.0701,-2.4235241,-68.95986
2015-12-19 10:50:00,205622.4,8970221.0,10401701.0,414199230.0,687294578688.0,1383942100.0,17233462.0,2126.9175,834.60846,-1.7658874,-71.79858
2015-12-19 11:00:00,203171.39,8907384.0,10883444.0,417069340.0,667264614400.0,1382779900.0,17425776.0,2130.1382,840.2741,-0.82278025,-74.20414
2015-12-19 11:10:00,200766.56,8834058.0,11378756.0,419862240.0,640830930944.0,1381021200.0,17611052.0,2132.6614,846.0301,0.3970139,-76.17634
2015-12-19 11:20:00,198406.88,8751505.0,11884732.0,422600770.0,609603944448.0,1378808200.0,17788534.0,2134.5933,851.84106,1.8803482,-77.72178
2015-12-19 11:30:00,196089.98,8661072.0,12398312.0,425313660.0,575431835648.0,1376293500.0,17957782.0,2136.04,857.6737,3.6099715,-78.85373
2015-12-19 11:40:00,193812.31,8564141.0,12916352.0,428035140.0,540163932159.99994,1373638700.0,18118670.0,2137.103,863.4977,5.564827,-79.591705
2015-12-19 11:50:00,191569.19,8462102.0,13435660.0,430801470.0,505527107584.0,1371003300.0,18271220.0,2137.8801,869.28503,7.720435,-79.96105
2015-12-19 12:00:00,189355.02,8356316.5,13953143.0,433652740.0,472956207104.0,1368547000.0,18415748.0,2138.4727,875.01086,10.105897,-80.34379
2015-12-19 12:10:00,187163.44,8248088.0,14465831.0,436628480.0,443542700032.0,1366418400.0,18552608.0,2138.9282,880.65344,12.530428,-80.08515
2015-12-19 12:20:00,184987.64,8138643.0,14970965.0,439767460.0,417961312256.0,1364759400.0,18682388.0,2139.3152,886.1939,15.065213,-79.56002
2015-12-19 12:30:00,182820.23,8029108.0,15466106.0,443106940.0,396556271616.0,1363696800.0,18805714.0,2139.6687,891.6167,17.677177,-78.8102
2015-12-19 12:40:00,180653.72,7920491.0,15949130.0,446681000.0,379408285696.0,1363339100.0,18923226.0,2140.0098,896.90924,20.332182,-77.87977
2015-12-19 12:50:00,178480.77,7813673.0,16418322.0,450518270.0,366366392320.0,1363777300.0,19035576.0,2140.3435,902.062,22.995564,-76.814125
2015-12-19 13:00:00,176294.03,7709406.5,16872416.0,454645020.0,357168218112.0,1365083900.0,19143468.0,2140.6655,907.06836,25.632662,-75.659164
2015-12-19 13:10:00,174086.64,7608294.0,17310566.0,459078700.0,351461343232.0,1367306000.0,19247454.0,2140.9658,911.9247,28.20937,-74.46025
2015-12-19 13:20:00,171852.36,7510806.0,17732374.0,463832770.0,348860809216.0,1370470300.0,19348090.0,2141.2102,916.6297,30.692636,-73.26138
2015-12-19 13:30:00,169593.47,7417278.0,18137866.0,468912350.0,348943220736.0,1374580200.0,19445860.0,2141.3743,921.1851,33.051025,-72.10427
2015-12-19 13:40:00,167290.0,7327905.0,18527512.0,474317860.0,351264604160.0,1379617500.0,19541190.0,2141.4553,925.5947,35.25516,-71.02745
2015-12-19 13:50:00,164946.34,7242766.0,18902070.0,480039700.0,355388686336.0,1385536800.0,19634372.0,2141.4717,929.8643,37.278255,-70.06551
2015-12-19 14:00:00,162560.27,7161818.0,19262662.0,486063170.0,360879325184.0,1392275600.0,19725730.0,2141.4224,934.00183,39.0965,-69.248344
2015-12-19 14:10:00,160131.02,7084905.5,19610642.0,492366000.0,367331901440.0,1399745800.0,19815456.0,2141.3118,938.01666,40.689507,-68.60047
2015-12-19 14:20:00,157659.3,7011784.5,19947544.0,498919600.0,374365454336.0,1407841900.0,19903734.0,2141.148,941.9194,42.040627,-68.14055
2015-12-19 14:30:00,155147.16,6942118.0,20274994.0,505687460.0,381654237184.0,1416437600.0,19990730.0,2140.9424,945.7215,43.13727,-67.880875
2015-12-19 14:40:00,152598.14,6875496.5,20594708.0,512629500.0,388928667648.0,1425391900.0,20076566.0,2140.7146,949.43524,43.971157,-67.82706
2015-12-19 14:50:00,150017.31,6811447.5,20908310.0,519697500.0,395972608000.0,1434546600.0,20161338.0,2140.4846,953.0727,44.538445,-67.97787
2015-12-19 15:00:00,147411.12,6749456.5,21217378.0,526841540.0,402623627264.0,1443735300.0,20245234.0,2140.395,956.6459,40.403923,-67.593956
2015-12-19 15:10:00,144787.27,6688965.0,21523286.0,534004960.0,408773132288.0,1452778600.0,20328334.0,2140.1614,960.16595,40.48459,-67.410614
2015-12-19 15:20:00,142154.62,6629403.5,21827174.0,541129540.0,414337662976.0,1461495300.0,20410786.0,2139.9905,963.6429,40.381096,-67.336716
2015-12-19 15:30:00,139523.06,6570187.5,22129892.0,548154300.0,419258925056.0,1469698000.0,20492720.0,2139.9048,967.0853,40.1061,-67.3507
2015-12-19 15:40:00,136903.28,6510748.5,22431942.0,555017860.0,423492714496.0,1477205200.0,20574306.0,2139.9155,970.49963,39.67516,-67.42612
2015-12-19 15:50:00,134306.61,6450534.0,22733402.0,561656700.0,426996695040.0,1483838100.0,20655664.0,2140.0198,973.89,39.106483,-67.532074
2015-12-19 16:00:00,131744.92,6389029.0,23033910.0,568009800.0,429733642240.0,1489427800.0,20736908.0,2140.2056,977.2579,38.420654,-67.63375
2015-12-19 16:10:00,129230.17,6325772.0,23332606.0,574017000.0,431658729472.0,1493819800.0,20818172.0,2140.454,980.6018,37.64028,-67.693016
2015-12-19 16:20:00,126774.516,6260352.0,23628150.0,579621300.0,432726999040.0,1496875000.0,20899460.0,2140.74,983.91724,36.789703,-67.669106
2015-12-19 16:30:00,124389.89,6192442.0,23918646.0,584770000.0,432893034496.0,1498477400.0,20980850.0,2141.0342,987.19617,35.89452,-67.51939
2015-12-19 16:40:00,122087.93,6121784.0,24201668.0,589414340.0,432121577472.0,1498530600.0,21062246.0,2141.3064,990.4274,34.981255,-67.20016
2015-12-19 16:50:00,119879.92,6048216.0,24474272.0,593511100.0,430381563904.0,1496967300.0,21143536.0,2141.5244,993.5965,34.07684,-66.667534
2015-12-19 17:00:00,117776.516,5971660.0,24733010.0,597023400.0,427687608320.0,1493744800.0,21224496.0,2141.6592,996.6854,33.208187,-65.87834
2015-12-19 17:10:00,115787.67,5892137.5,24974026.0,599922560.0,424083128320.0,1488850800.0,21304834.0,2141.6814,999.67377,32.40171,-64.79096
2015-12-19 17:20:00,113922.77,5809760.0,25193050.0,602185700.0,419654696960.0,1482301300.0,21384168.0,2141.5608,1002.538,31.682827,-63.366314
2015-12-19 17:30:00,112190.29,5724730.0,25385512.0,603797700.0,414562516992.0,1474138500.0,21461934.0,2141.271,1005.25226,31.075508,-61.568645
2015-12-19 17:40:00,110597.87,5637336.5,25546668.0,604752300.0,409025314816.0,1464432600.0,21537528.0,2140.7876,1007.7892,30.601843,-59.3664
2015-12-19 17:50:00,109152.46,5547942.0,25671682.0,605048260.0,403309002752.0,1453277700.0,21610176.0,2140.0862,1010.11957,30.28162,-56.732914
2015-12-19 18:00:00,107860.14,5456988.5,25755838.0,604695900.0,397742276608.0,1440793100.0,21679086.0,2139.2893,1012.2135,30.939123,-52.97444
2015-12-19 18:10:00,106726.195,5364959.5,25794590.0,603707650.0,392688107520.0,1427111800.0,21743214.0,2138.0989,1014.0408,31.045862,-49.406902
2015-12-19 18:20:00,105755.13,5272397.0,25783764.0,602104640.0,388506615808.0,1412384000.0,21801484.0,2136.6301,1015.5717,31.34747,-45.371223
2015-12-19 18:30:00,104950.914,5179873.0,25719762.0,599913150.0,385574633472.0,1396773600.0,21852736.0,2134.857,1016.7769,31.850039,-40.866497
2015-12-19 18:40:00,104316.64,5087979.0,25599612.0,597162700.0,384218202112.0,1380449500.0,21895632.0,2132.7446,1017.6291,32.55615,-35.89882
2015-12-19 18:50:00,103854.92,4997319.5,25421220.0,593887550.0,384710377472.0,1363585200.0,21928810.0,2130.2397,1018.1024,33.464787,-30.481339
2015-12-19 19:00:00,103567.766,4908493.0,25183374.0,590123460.0,387237019648.0,1346353800.0,21950778.0,2127.2502,1018.1739,34.57139,-24.63425
2015-12-19 19:10:00,103456.6,4822089.5,24885894.0,585908540.0,391874674688.0,1328926500.0,21960056.0,2123.6443,1017.82294,35.867947,-18.384624
2015-12-19 19:20:00,103522.42,4738672.5,24529650.0,581280000.0,398552301568.0,1311465300.0,21955038.0,2119.2134,1017.03296,37.3431,-11.766165
2015-12-19 19:30:00,103765.61,4658780.0,24116616.0,576276100.0,407034822656.0,1294126600.0,21934172.0,2113.6487,1015.7905,38.98237,-4.818857
2015-12-19 19:40:00,104186.27,4582917.0,23649810.0,570933600.0,416897630208.0,1277054200.0,21895902.0,2106.5032,1014.08636,40.768295,2.4114494
2015-12-19 19:50:00,104783.88,4511544.5,23133218.0,565287040.0,427526193152.0,1260378800.0,21838722.0,2097.1226,1011.91504,42.680786,9.873585
2015-12-19 20:00:00,105557.586,4445082.0,22571712.0,559369100.0,438133686272.0,1244217200.0,21761184.0,2084.5747,1009.2755,44.697346,17.511677
2015-12-19 20:10:00,106505.95,4383903.5,21970940.0,553210700.0,447796019200.0,1228672100.0,21662002.0,2067.5781,1006.17126,46.793407,25.265793
2015-12-19 20:20:00,107627.17,4328340.0,21337078.0,546838460.0,455537721344.0,1213831600.0,21540056.0,2044.4845,1002.6094,48.94264,33.072697
2015-12-19 20:30:00,108918.92,4278672.0,20676772.0,540278200.0,460435619840.0,1199766400.0,21394410.0,2013.4147,998.6021,51.117382,40.866707
2015-12-19 20:40:00,110378.26,4235136.0,19996868.0,533551870.0,461784809472.0,1186533500.0,21224368.0,1972.565,994.16534,53.288967,48.580505
2015-12-19 20:50:00,112001.88,4197928.5,19304274.0,526680260.0,459323310080.0,1174177700.0,21029624.0,1920.5018,989.31903,55.42819,56.146095
2015-12-19 21:00:00,113785.77,4167198.0,18605744.0,519680900.0,453398036480.0,1162725900.0,20810068.0,1856.962,984.0873,58.91392,62.91342
2015-12-19 21:10:00,115725.45,4143058.5,17907836.0,512572740.0,444822683648.0,1152198100.0,20566106.0,1783.2064,978.4976,60.81809,69.91666
2015-12-19 21:20:00,117815.77,4125577.2,17216636.0,505371330.0,434400591872.0,1142597800.0,20298404.0,1711.2869,972.5815,62.591873,76.57638
2015-12-19 21:30:00,120051.04,4114790.0,16537736.0,498093600.0,422645694464.0,1133922000.0,20008122.0,1637.8118,966.373,64.209335,82.83234
2015-12-19 21:40:00,122424.97,4110692.5,15876165.0,490757060.0,409879183360.0,1126156400.0,19696778.0,1564.5192,959.9096,65.64636,88.62831
2015-12-19 21:50:00,124930.68,4113246.5,15236313.0,483380580.0,396430180352.0,1119281400.0,19366342.0,1492.7375,953.23157,66.88101,93.91298
2015-12-19 22:00:00,127560.85,4122376.8,14621886.0,475983740.0,385580531712.0,1113271300.0,19019158.0,1423.4829,946.38104,67.893974,98.6407
2015-12-19 22:10:00,130307.42,4137971.2,14035977.0,468589500.0,373793718272.0,1108093300.0,18657880.0,1357.5299,939.4025,68.66883,102.77223
2015-12-19 22:20:00,133162.12,4159889.2,13481012.0,461222800.0,361693315072.0,1103715500.0,18285560.0,1295.4407,932.3419,69.19229,106.27527
2015-12-19 22:30:00,136116.31,4187946.8,12958826.0,453911840.0,349846175744.0,1100100200.0,17905412.0,1237.593,925.2461,69.45445,109.12501
2015-12-19 22:40:00,139160.84,4221928.0,12470701.0,446686430.0,338609373184.0,1097212200.0,17520928.0,1184.2051,918.163,69.44891,111.30443
2015-12-19 22:50:00,142280.31,4261578.0,12017415.0,439579940.0,328155332608.0,1095014100.0,17135648.0,1141.3778,911.14026,69.172874,112.80456
2015-12-19 23:00:00,145478.0,4306606.0,11599300.0,432627100.0,318432280576.0,1093470300.0,16753210.0,1115.8112,904.2251,68.62714,113.62465
2015-12-19 23:10:00,148738.16,4356683.0,11216315.0,425864960.0,309228470272.0,1092547500.0,16377190.0,1082.4113,897.4642,67.81608,113.772064
2015-12-19 23:20:00,152051.66,4411442.0,10868066.0,419330400.0,300230967296.0,1092212500.0,16011088.0,1043.0549,890.902,66.74758,113.26225
2015-12-19 23:30:00,155409.53,4470478.5,10553889.0,413061250.0,291108651008.0,1092435500.0,15658209.0,1000.813,884.581,65.43288,112.11848
2015-12-19 23:40:00,158802.97,4533353.0,10272884.0,407094080.0,281596231680.0,1093187800.0,15321648.0,958.9607,878.54095,63.88639,110.371475
2015-12-19 23:50:00,162223.73,4599590.5,10023935.0,401462900.0,271565963264.00003,1094441100.0,15004197.0,929.6632,872.81805,62.12555,108.05905
2015-12-20 00:00:00,147600.19,5639652.0,13299522.0,473441700.0,260535156736.0,1327953000.0,17944210.0,913.5045,905.08844,60.113235,105.30923
2015-12-20 00:10:00,150565.64,5719060.0,13107655.0,469487420.0,249804128256.0,1333076700.0,17695198.0,894.1631,901.0777,57.97453,102.00764
2015-12-20 00:20:00,153528.73,5799830.0,12947105.0,465945150.0,239303917568.0,1338627300.0,17472488.0,883.7392,897.4663,55.68724,98.289825
2015-12-20 00:30:00,156484.2,5881245.0,12815949.0,462828350.0,229535629312.0,1344546300.0,17277648.0,879.6966,894.2685,53.278282,94.21538
2015-12-20 00:40:00,159427.16,5962581.0,12712077.0,460146560.0,220957622272.0,1350774700.0,17111884.0,876.08765,891.49316,50.77604,89.847336
2015-12-20 00:50:00,162353.42,6043123.0,12633076.0,457901980.0,213905555456.0,1357245700.0,16975890.0,872.91754,889.14294,48.20994,85.251144
2015-12-20 01:00:00,165259.28,6122179.5,12576292.0,456089060.0,208550789120.0,1363891000.0,16870004.0,870.1853,887.21497,45.610027,80.49366
2015-12-20 01:10:00,168141.48,6199083.5,12538851.0,454696580.0,204900646912.0,1370638300.0,16794142.0,867.88385,885.70044,43.006462,75.64207
2015-12-20 01:20:00,170996.94,6273220.0,12517603.0,453705540.0,202823696384.0,1377410800.0,16747789.0,866.0001,884.58466,40.428993,70.762726
2015-12-20 01:30:00,173823.19,6344035.5,12509174.0,453090080.0,202090201088.0,1384130800.0,16730060.0,864.5154,883.8476,37.90644,65.920105
2015-12-20 01:40:00,176617.55,6411047.5,12510002.0,452818780.0,202406952960.0,1390719200.0,16739696.0,863.4052,883.4639,35.466156,61.175682
2015-12-20 01:50:00,179377.78,6473864.5,12516366.0,452856100.0,203459870720.0,1397101000.0,16775146.0,862.6404,883.40375,33.133465,56.586823
2015-12-20 02:00:00,182101.36,6532191.0,12524410.0,453160420.0,204947111936.0,1403201800.0,16834504.0,862.18726,883.6326,30.931149,52.205853
2015-12-20 02:10:00,184785.75,6585836.5,12530240.0,453688100.0,206605615104.0,1408954800.0,16915590.0,862.0079,884.1127,28.878922,48.079117
2015-12-20 02:20:00,187428.22,6634726.5,12529996.0,454393760.0,208229842944.0,1414302500.0,17016018.0,862.0614,884.80273,26.99298,44.24617
2015-12-20 02:30:00,190025.7,6678904.5,12519937.0,455230300.0,209679876096.0,1419195900.0,17133166.0,862.30414,885.65955,25.285597,40.739136
2015-12-20 02:40:00,192574.84,6718530.0,12496555.0,456153300.0,210877382656.0,1423601700.0,17264292.0,862.69086,886.63794,23.764793,37.58222
2015-12-20 02:50:00,195071.84,6753880.0,12456652.0,457117820.0,211796803584.0,1427500300.0,17406544.0,863.17535,887.69183,22.434082,34.79134
2015-12-20 03:00:00,197511.72,6785332.5,12397482.0,458082750.0,212447723520.0,1430883700.0,17556914.0,879.869,888.77484,13.646431,23.196981
2015-12-20 03:10:00,199891.23,6813397.0,12316770.0,459012260.0,212858748928.0,1433766700.0,17712584.0,880.58344,889.84204,13.130976,20.329071
2015-12-20 03:20:00,202204.53,6838645.0,12212887.0,459873500.0,213060009984.0,1436177400.0,17870660.0,881.2529,890.84875,12.818382,17.719917
2015-12-20 03:30:00,204445.88,6861739.5,12084855.0,460639780.0,213070938112.0,1438157200.0,18028336.0,881.8346,891.75275,12.680894,15.352097
2015-12-20 03:40:00,206609.27,6883409.0,11932392.0,461290000.0,212889862144.0,1439766800.0,18183020.0,882.28845,892.5144,12.684586,13.204481
2015-12-20 03:50:00,208688.11,6904430.5,11755922.0,461809120.0,212488667136.0,1441075300.0,18332248.0,882.5777,893.0976,12.790147,11.25407
2015-12-20 04:00:00,210675.64,6925620.0,11556565.0,462188800.0,211814744064.0,1442167000.0,18473888.0,882.66986,893.4697,12.954142,9.478067
2015-12-20 04:10:00,212564.7,6947807.0,11336059.0,462425020.0,210793791488.0,1443129500.0,18605964.0,882.5368,893.6031,13.130796,7.855915
2015-12-20 04:20:00,214347.9,6971827.0,11096711.0,462519140.0,209336107008.0,1444060900.0,18726878.0,882.1556,893.47473,13.274192,6.370903
2015-12-20 04:30:00,216017.92,6998507.5,10841314.0,462478880.0,207350710272.0,1445061500.0,18835374.0,881.50836,893.06665,13.34082,5.011364
2015-12-20 04:40:00,217567.17,7028643.0,10573018.0,462314560.0,204755664896.0,1446229900.0,18930450.0,880.58344,892.3669,13.292234,3.770975
2015-12-20 04:50:00,218988.44,7062994.5,10295212.0,462040450.0,201491726336.0,1447665900.0,19011524.0,879.37494,891.369,13.097475,2.6480865
2015-12-20 05:00:00,220274.42,7102268.0,10011435.0,461674200.0,197536006144.0,1449462000.0,19078304.0,877.8831,890.07275,12.735035,1.6442947
2015-12-20 05:10:00,221418.36,7147112.5,9725249.0,461234660.0,192911310848.0,1451706100.0,19130866.0,876.11444,888.48346,12.193882,0.7619934
2015-12-20 05:20:00,222413.89,7198100.0,9440142.0,460743400.0,187692204032.0,1454477700.0,19169612.0,879.95636,886.6129,11.473525,0.00157547
2015-12-20 05:30:00,223255.08,7255723.5,9159452.0,460222300.0,182009511936.0,1457846000.0,19195250.0,894.605,884.47833,10.583109,-0.64113617
2015-12-20 05:40:00,223936.73,7320384.5,8886303.0,459695100.0,176043048960.0,1461868200.0,19208770.0,902.6094,882.1028,9.539471,-1.1772919
2015-12-20 05:50:00,224454.55,7392385.5,8623536.0,459184060.0,170017161216.0,1466590700.0,19211432.0,901.9041,879.5142,8.364847,-1.6261368
2015-12-20 06:00:00,224805.02,7471920.5,8373714.0,458713380.0,164188045312.0,1472047100.0,19204750.0,918.6398,876.74585,8.277906,2.2112694
2015-12-20 06:10:00,224985.5,7559073.5,8139077.0,458305630.0,158834393088.0,1478256500.0,19190426.0,939.9358,873.8348,7.0676804,1.8552055
2015-12-20 06:20:00,224994.55,7653802.5,7921570.5,457983420.0,154246742016.0,1485226000.0,19170368.0,964.6405,870.82196,5.803652,1.4496498
2015-12-20 06:30:00,224831.73,7755939.0,7722839.5,457768600.0,150721150976.0,1492947800.0,19146572.0,993.079,867.7514,4.5035114,0.9522705
2015-12-20 06:40:00,224497.84,7865180.0,7544262.5,457681860.0,148554694656.0,1501400700.0,19121188.0,1025.5115,864.6694,3.1825085,0.32112503
2015-12-20 06:50:00,223995.08,7981089.0,7386985.0,457743140.0,148045742080.0,1510551800.0,19096396.0,1062.418,861.6232,1.853632,-0.48290634
2015-12-20 07:00:00,223326.39,8103079.5,7251937.0,457969920.0,149494464512.0,1520350700.0,19074366.0,1104.1156,858.6615,0.5283203,-1.4938431
2015-12-20 07:10:00,222496.34,8230427.0,7139888.5,458378720.0,153205325824.0,1530738200.0,19057256.0,1150.853,855.83215,-0.78287697,-2.739027
2015-12-20 07:20:00,221510.72,8362261.5,7051463.0,458982800.0,159487180800.0,1541638700.0,19047112.0,1202.7823,853.182,-2.0693474,-4.2378216
2015-12-20 07:30:00,220376.25,8497571.0,6987179.0,459793020.0,168649736192.0,1552966100.0,19045870.0,1268.5618,850.7563,-3.319809,-6.001154
2015-12-20 07:40:00,219100.94,8635218.0,6947483.0,460817500.0,180993277952.0,1564622000.0,19055274.0,1363.013,848.5971,-4.5216236,-8.031233
2015-12-20 07:50:00,217693.75,8773935.0,6932744.0,462057860.0,196789534720.0,1576495600.0,19076822.0,1455.5072,846.7431,-5.660568,-10.321981
2015-12-20 08:00:00,216164.6,8912347.0,6943306.5,463513920.0,216330076160.0,1588466400.0,19111748.0,1544.8328,845.22906,-6.7206383,-12.859672
2015-12-20 08:10:00,214524.05,9048993.0,6979474.0,465178600.0,240722411520.0,1600401000.0,19160898.0,1629.5598,844.0847,-7.684264,-15.623812
2015-12-20 08:20:00,212783.58,9182346.0,7041533.5,467041950.0,269386121216.0,1612165400.0,19224920.0,1708.3732,843.33453,-8.532581,-18.588215
2015-12-20 08:30:00,210954.83,9310838.0,7129721.0,469085470.0,302298497024.0,1623612300.0,19303964.0,1780.2074,842.9975,-9.24593,-21.722147
2015-12-20 08:40:00,209050.0,9432896.0,7244265.5,471289380.0,339227738112.0,1634596900.0,19397860.0,1844.2767,843.0866,-9.804572,-24.99162
2015-12-20 08:50:00,207081.38,9546981.0,7385323.0,473626660.0,379646345216.0,1644973800.0,19506094.0,1900.3816,843.6088,-10.189272,-28.360392
2015-12-20 09:00:00,205061.12,9651607.0,7552995.5,476067550.0,422673121280.0,1654599000.0,19627692.0,1948.3728,844.5652,0.07354355,-26.813797
2015-12-20 09:10:00,203001.2,9745408.0,7747284.0,478579650.0,467118784512.0,1663342800.0,19761494.0,1988.9248,845.9509,-0.52646494,-31.57298
2015-12-20 09:20:00,200913.12,9827142.0,7968082.5,481128640.0,511604293632.0,1671083500.0,19905952.0,2022.0602,847.7555,-0.992501,-36.29709
2015-12-20 09:30:00,198807.9,9895747.0,8215138.5,483680300.0,554647355392.0,1677718400.0,20059278.0,2048.3582,849.96344,-1.3084054,-40.940155
2015-12-20 09:40:00,196695.67,9950358.0,8488022.0,486201660.0,594707808256.0,1683167100.0,20219574.0,2068.7646,852.5546,-1.4601827,-45.45806
2015-12-20 09:50:00,194585.66,9990352.0,8786104.0,488663400.0,630257811456.0,1687371800.0,20384750.0,2084.431,855.5046,-1.4362209,-49.80908
2015-12-20 10:00:00,192486.19,10015339.0,9108524.0,491039400.0,659867762688.0,1690307300.0,20552784.0,2096.4946,858.7856,-1.2274597,-53.95445
2015-12-20 10:10:00,190404.33,10025194.0,9454187.0,493311000.0,682294706176.0,1691973500.0,20721546.0,2105.904,862.367,-0.82749224,-57.85886
2015-12-20 10:20:00,188345.89,10020048.0,9821707.0,495464500.0,696585617408.0,1692404000.0,20889114.0,2113.3713,866.2165,-0.23258826,-61.49088
2015-12-20 10:30:00,186315.5,10000279.0,10209455.0,497495330.0,702152835072.0,1691662100.0,21053644.0,2119.3904,870.2998,0.5583181,-64.82336
2015-12-20 10:40:00,184316.34,9966511.0,10615523.0,499406750.0,698847002624.0,1689839900.0,21213560.0,2124.2708,874.58246,1.5436169,-67.83382
2015-12-20 10:50:00,182350.5,9919584.0,11037737.0,501209020.0,686984331264.0,1687056500.0,21367452.0,2128.2148,879.02966,2.7190762,-70.5048
2015-12-20 11:00:00,180418.56,9860521.0,11473707.0,502921000.0,667364163584.0,1683455000.0,21514248.0,2131.3662,883.60706,4.0778537,-72.82413
2015-12-20 11:10:00,178519.9,9790509.0,11920846.0,504567940.0,641229324288.0,1679194600.0,21653082.0,2133.8318,888.28156,5.6105347,-74.785164
2015-12-20 11:20:00,176652.83,9710853.0,12376424.0,506182820.0,610180792320.0,1674451800.0,21783418.0,2135.716,893.02136,7.305155,-76.38692
2015-12-20 11:30:00,174814.39,9622944.0,12837622.0,507801540.0,576043483136.0,1669411100.0,21904960.0,2137.1216,897.7963,9.147253,-77.63413
2015-12-20 11:40:00,173000.83,9528224.0,13301607.0,509465060.0,540677931008.00006,1664263400.0,22017716.0,2138.149,902.5787,11.119959,-78.53716
2015-12-20 11:50:00,171207.36,9428142.0,13765575.0,511215940.0,505833390080.0,1659194200.0,22121802.0,2138.8938,907.3428,13.2041025,-79.11176
2015-12-20 12:00:00,169428.58,9324127.0,14226867.0,513098140.0,472971706368.0,1654387300.0,22217578.0,2139.5212,912.0656,20.099546,-72.86442
2015-12-20 12:10:00,167658.44,9217560.0,14682994.0,515154560.0,443219148800.0,1650015100.0,22305538.0,2139.9485,916.7268,22.856705,-72.89422
2015-12-20 12:20:00,165890.39,9109737.0,15131746.0,517426980.0,417279508480.0,1646237800.0,22386328.0,2140.3093,921.30884,25.598698,-72.727135
2015-12-20 12:30:00,164117.8,9001861.0,15571206.0,519953470.0,395521687552.0,1643196500.0,22460538.0,2140.6401,925.79663,28.297989,-72.39178
2015-12-20 12:40:00,162333.7,8895004.0,15999832.0,522767680.0,378044153856.0,1641011200.0,22528842.0,2140.9602,930.1784,30.926891,-71.919174
2015-12-20 12:50:00,160531.44,8790123.0,16416484.0,525899550.0,364702236672.0,1639784400.0,22591992.0,2141.2754,934.4448,33.45803,-71.3419
2015-12-20 13:00:00,158704.48,8688025.0,16820422.0,529371520.0,355256008704.0,1639591000.0,22650624.0,2141.5823,938.58936,35.864788,-70.69323
2015-12-20 13:10:00,156846.73,8589364.0,17211362.0,533200960.0,349339779072.0,1640480300.0,22705310.0,2141.869,942.60846,38.12184,-70.006165
2015-12-20 13:20:00,154952.69,8494660.0,17589408.0,537397440.0,346574290944.0,1642479100.0,22756690.0,2142.104,946.50085,40.205685,-69.312614
2015-12-20 13:30:00,153017.6,8404273.0,17955082.0,541963500.0,346536968192.0,1645582100.0,22805164.0,2142.261,950.26794,42.095165,-68.6425
2015-12-20 13:40:00,151037.83,8318429.0,18309260.0,546894400.0,348778266624.0,1649764400.0,22851270.0,2142.3335,953.9133,43.77201,-68.02294
2015-12-20 13:50:00,149010.48,8237210.5,18653136.0,552176700.0,352871055360.0,1654968200.0,22895296.0,2142.3425,957.4428,45.221313,-67.477554
2015-12-20 14:00:00,146934.1,8160569.0,18988202.0,557792100.0,358370148352.0,1661117200.0,22937642.0,2142.2869,960.8642,46.431858,-67.02593
2015-12-20 14:10:00,144808.4,8088335.0,19316132.0,563712400.0,364865191936.0,1668105200.0,22978550.0,2142.1692,964.1866,47.39657,-66.68302
2015-12-20 14:20:00,142634.36,8020233.5,19638776.0,569904300.0,371974373376.0,1675807700.0,23018310.0,2141.9995,967.42084,48.112606,-66.458954
2015-12-20 14:30:00,140414.44,7955883.0,19958058.0,576327600.0,379376533504.0,1684077300.0,23057188.0,2141.788,970.5785,48.581528,-66.35866
2015-12-20 14:40:00,138152.42,7894817.0,20275930.0,582935700.0,386789179392.0,1692748000.0,23095402.0,2141.5527,973.67175,48.809288,-66.38189
2015-12-20 14:50:00,135853.39,7836497.5,20594298.0,589678660.0,394000171008.0,1701639700.0,23133230.0,2141.3152,976.7132,48.806087,-66.52315
2015-12-20 15:00:00,133523.81,7780327.5,20914954.0,596499840.0,400842326016.0,1710559600.0,23170970.0,2141.2097,979.715,53.217384,-66.38082
2015-12-20 15:10:00,131171.17,7725663.0,21239526.0,603340540.0,407201415168.0,1719304700.0,23208884.0,2140.9714,982.68884,52.542057,-67.08049
2015-12-20 15:20:00,128804.19,7671834.5,21569400.0,610139500.0,412993355776.0,1727667100.0,23247304.0,2140.7917,985.6453,51.685623,-67.83968
2015-12-20 15:30:00,126432.28,7618154.0,21905662.0,616832500.0,418157133824.0,1735438100.0,23286542.0,2140.698,988.59344,50.678116,-68.63178
2015-12-20 15:40:00,124065.82,7563943.5,22249044.0,623355140.0,422644056064.0,1742409700.0,23326902.0,2140.701,991.5403,49.551853,-69.426704
2015-12-20 15:50:00,121715.58,7508545.0,22599898.0,629644540.0,426410442752.0,1748385400.0,23368726.0,2140.7988,994.4907,48.34078,-70.19132
2015-12-20 16:00:00,119392.78,7451335.5,22958090.0,635637950.0,429415170048.0,1753177100.0,23412332.0,2140.981,997.4468,47.079823,-70.89003
2015-12-20 16:10:00,117108.88,7391743.0,23322998.0,641274500.0,431604137984.0,1756613100.0,23457952.0,2141.2278,1000.4078,45.80428,-71.4853
2015-12-20 16:20:00,114875.234,7329264.5,23693498.0,646499460.0,432933634048.0,1758543900.0,23505858.0,2141.5154,1003.36993,44.54925,-71.93813
2015-12-20 16:30:00,112703.18,7263478.5,24067866.0,651258750.0,433340940288.0,1758842800.0,23556210.0,2141.8152,1006.3257,43.349075,-72.208885
2015-12-20 16:40:00,110603.64,7194053.0,24443806.0,655506400.0,432788733952.0,1757409200.0,23609096.0,2142.0962,1009.26465,42.23681,-72.25776
2015-12-20 16:50:00,108587.16,7120758.0,24818458.0,659201400.0,431233073152.0,1754172400.0,23664496.0,2142.328,1012.1729,41.24369,-72.04559
2015-12-20 17:00:00,106663.77,7043469.0,25188362.0,662309500.0,428677857280.0,1749093200.0,23722336.0,2142.4805,1015.0331,40.39874,-71.534546
2015-12-20 17:10:00,104842.78,6962176.5,25549522.0,664803460.0,425145171968.0,1742165400.0,23782398.0,2142.524,1017.825,39.728233,-70.688835
2015-12-20 17:20:00,103132.81,6876979.5,25897438.0,666663940.0,420717297664.0,1733412500.0,23844336.0,2142.4314,1020.5256,39.2553,-69.47548
2015-12-20 17:30:00,101541.86,6788088.5,26227174.0,667880100.0,415543656448.0,1722891500.0,23907702.0,2142.1743,1023.10944,38.999485,-67.86502
2015-12-20 17:40:00,100077.01,6695820.0,26533454.0,668448600.0,409818660864.0,1710691600.0,23971948.0,2141.73,1025.5492,38.97639,-65.83217
2015-12-20 17:50:00,98744.6,6600585.0,26810746.0,668372600.0,403821985792.0,1696923600.0,24036288.0,2141.075,1027.8158,39.197365,-63.356438
2015-12-20 18:00:00,97550.305,6502879.0,27053414.0,667663740.0,397867843584.0,1681726200.0,24099876.0,2140.332,1029.8798,40.375042,-61.225773
2015-12-20 18:10:00,96498.91,6403277.0,27255890.0,666340700.0,392322711552.0,1665261000.0,24161772.0,2139.2036,1031.7106,41.14762,-57.84249
2015-12-20 18:20:00,95594.66,6302414.5,27412796.0,664428350.0,387568107520.0,1647702100.0,24220836.0,2137.8079,1033.2784,42.175243,-53.986855
2015-12-20 18:30:00,94840.98,6200964.5,27519082.0,661955140.0,383982534656.0,1629237900.0,24275808.0,2136.1191,1034.5542,43.449074,-49.662067
2015-12-20 18:40:00,94240.76,6099641.5,27570296.0,658954300.0,381915430912.0,1610063500.0,24325296.0,2134.1077,1035.51,44.95538,-44.877716
2015-12-20 18:50:00,93796.305,5999171.5,27562716.0,655464800.0,381663674368.0,1590381300.0,24367916.0,2131.72,1036.1204,46.675808,-39.649727
2015-12-20 19:00:00,93509.33,5900287.0,27493444.0,651525900.0,383441862656.0,1570391000.0,24402090.0,2128.8718,1036.3617,48.58766,-34.00022
2015-12-20 19:10:00,93381.055,5803704.0,27360546.0,647177100.0,387352756224.0,1550286700.0,24426160.0,2125.4348,1036.2137,50.66446,-27.95742
2015-12-20 19:20:00,93412.26,5710123.5,27163232.0,642459800.0,393361326080.0,1530257400.0,24438424.0,2121.2087,1035.6593,52.87634,-21.555283
2015-12-20 19:30:00,93603.2,5620209.5,26901826.0,637413600.0,401261330432.0,1510479100.0,24437162.0,2115.895,1034.6849,55.190723,-14.833132
2015-12-20 19:40:00,93953.75,5534593.0,26577880.0,632079040.0,410659651584.0,1491120300.0,24420718.0,2109.0576,1033.2814,57.573036,-7.8353534
2015-12-20 19:50:00,94463.305,5453852.5,26194016.0,626491260.0,420963713024.0,1472329100.0,24387356.0,2100.0588,1031.4432,59.987186,-0.6108377
2015-12-20 20:00:00,95130.89,5378517.5,25754008.0,620685600.0,431402516480.0,1454240000.0,24335454.0,2087.9868,1029.1692,62.396362,6.7874994
2015-12-20 20:10:00,95954.98,5309068.0,25262624.0,614693800.0,441061769216.0,1436972700.0,24263564.0,2071.581,1026.4629,64.76354,14.303294
2015-12-20 20:20:00,96933.76,5245921.5,24725394.0,608542200.0,448956203008.0,1420624900.0,24170248.0,2049.2117,1023.3314,67.05216,21.877342
2015-12-20 20:30:00,98064.82,5189445.0,24148670.0,602258370.0,454144720896.0,1405282600.0,24054434.0,2019.0032,1019.787,69.2266,29.448305
2015-12-20 20:40:00,99345.266,5139946.5,23539214.0,595863600.0,455894630400.0,1391010300.0,23915154.0,1979.1346,1015.8456,71.25271,36.953403
2015-12-20 20:50:00,100771.8,5097678.0,22904144.0,589378100.0,453900206080.0,1377859500.0,23751838.0,1928.1422,1011.52734,73.09822,44.329216
2015-12-20 21:00:00,102340.54,5062840.0,22250696.0,582819400.0,448464584704.0,1365864400.0,23564184.0,1865.3752,1006.8562,73.39664,52.509792
2015-12-20 21:10:00,104047.02,5035581.0,21586080.0,576203400.0,440374853632.0,1355045000.0,23352278.0,1796.3749,1001.8597,74.83334,59.438313
2015-12-20 21:20:00,105886.29,5015997.0,20917284.0,569544960.0,430432190464.0,1345409700.0,23116640.0,1726.2854,996.56903,76.019104,66.04944
2015-12-20 21:30:00,107852.87,5004135.5,20250924.0,562859260.0,419151478784.0,1336953500.0,22858152.0,1654.5923,991.01825,76.93283,72.28543
2015-12-20 21:40:00,109940.71,4999995.0,19593180.0,556160300.0,406844932096.0,1329661000.0,22578150.0,1583.0253,985.2443,77.55685,78.09206
2015-12-20 21:50:00,112143.195,5003527.0,18949648.0,549464060.0,393829974016.0,1323508700.0,22278408.0,1512.9033,979.287,77.87737,83.419495
2015-12-20 22:00:00,114453.34,5014637.5,18325312.0,542787840.0,383256756224.0,1318465000.0,21961112.0,1445.23,973.1876,77.88468,88.223
2015-12-20 22:10:00,116863.516,5033184.5,17724536.0,536150980.0,371879706624.0,1314492900.0,21628860.0,1380.7814,966.9899,77.57326,92.46355
2015-12-20 22:20:00,119365.87,5058978.0,17150974.0,529574200.0,360125595648.0,1311548700.0,21284518.0,1320.1095,960.73846,76.94189,96.10841
2015-12-20 22:30:00,121952.22,5091783.5,16607642.0,523082020.0,348563996672.0,1309586600.0,20931342.0,1263.5928,954.479,75.99378,99.13156
2015-12-20 22:40:00,124613.98,5131315.5,16096960.0,516701340.0,337569382400.0,1308559400.0,20572794.0,1211.4519,948.2577,74.73638,101.51405
2015-12-20 22:50:00,127342.58,5177239.5,15620697.0,510460500.0,327305625600.0,1308415500.0,20212438.0,1163.761,942.1203,73.18125,103.24419
2015-12-20 23:00:00,130129.3,5229177.0,15180136.0,504391460.0,317733896192.0,1309106300.0,19854046.0,1127.4019,936.11224,71.34391,104.31775
2015-12-20 23:10:00,132965.44,5286694.5,14776025.0,498527040.0,308636450816.0,1310580500.0,19501302.0,1094.6693,930.27765,69.24341,104.738014
2015-12-20 23:20:00,135842.53,5349314.0,14408667.0,492900900.0,299711201280.0,1312787800.0,19157886.0,1055.8173,924.6587,66.90193,104.51562
2015-12-20 23:30:00,138752.31,5416511.5,14077958.0,487546720.0,290626830336.0,1315677700.0,18827260.0,1015.4425,919.2952,64.34454,103.66855
2015-12-20 23:40:00,141686.83,5487715.0,13783446.0,482498460.0,281119850496.0,1319203000.0,18512814.0,987.89417,914.22406,61.59849,102.22181
2015-12-20 23:50:00,144638.42,5562310.5,13524333.0,477787460.0,271067119615.99997,1323311200.0,18217542.0,963.609,909.47876,58.692932,100.20724
2015-12-21 00:00:00,150192.77,5214109.5,12073851.0,448146180.0,260008017920.0,1245728900.0,16982432.0,944.17175,896.2692,55.21482,97.07159
2015-12-21 00:10:00,153192.14,5289521.5,11877206.0,443856670.0,249215549440.0,1249855600.0,16722261.0,925.4861,891.8811,51.97953,94.069534
2015-12-21 00:20:00,156191.38,5366440.0,11711264.0,439980600.0,238649065472.0,1254403000.0,16488301.0,921.51654,887.89404,48.68451,90.62814
2015-12-21 00:30:00,159185.33,5444215.0,11574134.0,436534620.0,228817846272.0,1259321200.0,16282046.0,918.1979,884.3232,45.363007,86.80058
2015-12-21 00:40:00,162169.1,5522186.0,11463719.0,433529400.0,220191817728.0,1264560300.0,16104671.0,915.3094,881.17865,42.048035,82.643654
2015-12-21 00:50:00,165138.61,5599696.0,11377708.0,430967170.0,213113470976.0,1270061300.0,15956808.0,912.85443,878.4641,38.77215,78.216896
2015-12-21 01:00:00,168090.23,5676111.5,11313592.0,428845470.0,207758655488.0,1275767200.0,15838806.0,910.8302,876.1774,35.567154,73.581505
2015-12-21 01:10:00,171020.55,5750819.0,11268666.0,427154200.0,204136710144.0,1281612200.0,15750523.0,909.22815,874.3108,32.463757,68.799225
2015-12-21 01:20:00,173926.69,5823247.0,11240004.0,425875040.0,202117332992.0,1287528700.0,15691478.0,908.03375,872.8501,29.491323,63.93118
2015-12-21 01:30:00,176806.1,5892878.5,11224498.0,424984770.0,201464856576.0,1293445400.0,15660764.0,907.22687,871.7759,26.67749,59.036674
2015-12-21 01:40:00,179655.95,5959259.0,11218880.0,424453280.0,201882484736.0,1299290800.0,15657179.0,906.78217,871.0636,24.0478,54.171913
2015-12-21 01:50:00,182474.05,6022013.0,11219721.0,424245470.0,203048501248.0,1304994000.0,15679186.0,906.6695,870.6833,21.62528,49.388924
2015-12-21 02:00:00,185257.73,6080851.0,11223514.0,424322400.0,204653150208.0,1310485200.0,15724919.0,906.8544,870.6013,19.429989,44.734386
2015-12-21 02:10:00,188004.44,6135579.5,11226681.0,424639840.0,206425227264.0,1315700600.0,15792278.0,907.29834,870.7796,17.478462,40.24871
2015-12-21 02:20:00,190711.27,6186110.0,11225697.0,425154240.0,208151920640.0,1320582800.0,15878903.0,907.95996,871.1773,15.783193,35.965153
2015-12-21 02:30:00,193375.05,6232458.5,11217122.0,425818460.0,209686003712.0,1325082800.0,15982258.0,908.79553,871.7511,14.351974,31.909119
2015-12-21 02:40:00,195992.25,6274750.0,11197721.0,426587400.0,210945343488.0,1329164500.0,16099650.0,909.7594,872.45593,13.1874275,28.098019
2015-12-21 02:50:00,198558.94,6313216.0,11164550.0,427416960.0,211899727872.0,1332803700.0,16228270.0,910.80505,873.24554,12.286276,24.54092
2015-12-21 03:00:00,201069.88,6348181.0,11115040.0,428264670.0,212557824000.0,1335989400.0,16365219.0,907.53394,874.07355,13.356243,23.27092
2015-12-21 03:10:00,203521.88,6380100.0,11047059.0,429094340.0,212947599360.0,1338729900.0,16507748.0,908.55457,874.8947,12.844511,20.402254
2015-12-21 03:20:00,205908.66,6409479.5,10959030.0,429870560.0,213100183552.0,1341042600.0,16652939.0,909.5206,875.66425,12.538224,17.792711
2015-12-21 03:30:00,208224.3,6436912.5,10849958.0,430564500.0,213037105152.0,1342962400.0,16798064.0,910.3893,876.33997,12.409566,15.424913
2015-12-21 03:40:00,210472.1,6463059.0,10719505.0,431154270.0,212759330816.0,1344538500.0,16940528.0,911.12036,876.882,12.424492,13.277727
2015-12-21 03:50:00,212626.45,6488626.0,10567937.0,431621980.0,212242956288.0,1345832400.0,17077956.0,911.67725,877.2541,12.543548,11.328188
2015-12-21 04:00:00,214689.48,6514356.0,10396153.0,431955940.0,211439173632.0,1346914000.0,17208118.0,912.02704,877.4239,12.723114,9.553507
2015-12-21 04:10:00,216653.75,6541011.0,10205635.0,432150140.0,210277416960.0,1347864600.0,17329138.0,912.1415,877.3636,12.917199,7.9331036
2015-12-21 04:20:00,218511.72,6569365.0,9998383.0,432203970.0,208673980416.0,1348769500.0,17439380.0,911.99725,877.0502,13.07962,6.4502487
2015-12-21 04:30:00,220255.45,6600175.5,9776826.0,432120930.0,206541012992.0,1349718100.0,17537540.0,911.5765,876.46625,13.166594,5.093231
2015-12-21 04:40:00,221877.14,6634182.5,9543743.0,431910300.0,203801165824.0,1350800800.0,17622632.0,910.8667,875.5999,13.139357,3.855648
2015-12-21 04:50:00,223369.02,6672093.0,9302151.0,431583700.0,200398716928.0,1352107300.0,17694052.0,909.8615,874.4452,12.966598,2.735756
2015-12-21 05:00:00,224723.53,6714568.0,9055213.0,431157100.0,196313677824.0,1353723600.0,17751488.0,908.56055,873.0022,12.626472,1.7350693
2015-12-21 05:10:00,225933.38,6762210.5,8806110.0,430647840.0,191571197952.0,1355731000.0,17795034.0,906.9696,871.2771,12.10755,0.85583496
2015-12-21 05:20:00,226991.6,6815558.5,8557997.0,430076400.0,186247905280.0,1358202900.0,17825052.0,905.1002,869.2821,11.408983,0.098342896
2015-12-21 05:30:00,227891.94,6875070.0,8313895.5,429464400.0,180475002880.0,1361203600.0,17842250.0,902.97015,867.03546,10.539502,-0.5417175
2015-12-21 05:40:00,228628.64,6941125.5,8076642.5,428834620.0,174431862784.0,1364790700.0,17847678.0,908.7777,864.5608,9.5155525,-1.075634
2015-12-21 05:50:00,229196.8,7014005.5,7848859.0,428211420.0,168341913600.0,1369007600.0,17842568.0,916.8397,861.88727,8.359005,-1.5227737
2015-12-21 06:00:00,229592.31,7093891.5,7632892.0,427617920.0,162459451392.0,1373889200.0,17828490.0,927.2998,859.0488,11.226301,12.718445
2015-12-21 06:10:00,229812.19,7180857.5,7430840.5,427079300.0,157060808704.0,1379457400.0,17807174.0,948.2764,856.0836,10.400398,12.383785
2015-12-21 06:20:00,229854.2,7274861.5,7244534.5,426619900.0,152433426432.0,1385722500.0,17780554.0,972.6159,853.0336,9.523544,11.916306
2015-12-21 06:30:00,229717.69,7375742.0,7075552.5,426263970.0,148869873664.0,1392685700.0,17750750.0,1000.6876,849.9438,8.602833,11.276848
2015-12-21 06:40:00,229402.83,7483204.0,6925242.0,426035330.0,146664112128.0,1400330400.0,17719906.0,1032.6598,846.86127,7.6439285,10.42811
2015-12-21 06:50:00,228911.28,7596825.0,6794742.5,425956540.0,146110611456.0,1408633100.0,17690284.0,1069.0553,843.8345,6.651575,9.3367195
2015-12-21 07:00:00,228245.84,7716045.0,6685029.5,426049250.0,147506659328.0,1417557100.0,17664164.0,1110.1921,840.9126,5.6302795,7.974905
2015-12-21 07:10:00,227410.72,7840166.0,6596929.5,426333300.0,151154130944.0,1427052200.0,17643726.0,1156.3214,838.14453,4.585062,6.321863
2015-12-21 07:20:00,226411.33,7968347.5,6531150.5,426825440.0,157359734784.0,1437057500.0,17631126.0,1207.6008,835.5776,3.5221825,4.364643
2015-12-21 07:30:00,225254.28,8099626.0,6488330.5,427540860.0,166432571392.0,1447500200.0,17628340.0,1266.9744,833.25745,2.4496937,2.0985222
2015-12-21 07:40:00,223947.6,8232899.0,6469036.0,428490050.0,178672828416.0,1458295300.0,17637184.0,1361.384,831.22675,1.3777905,-0.47293282
2015-12-21 07:50:00,222500.16,8366954.5,6473796.0,429679580.0,194354446336.0,1469346600.0,17659198.0,1453.8967,829.52435,0.31905365,-3.338171
2015-12-21 08:00:00,220921.97,8500465.0,6503113.0,431111460.0,213727936512.0,1480546200.0,17695640.0,1543.2913,828.18494,-0.711689,-6.4783955
2015-12-21 08:10:00,219223.92,8632033.0,6557471.5,432781860.0,237965148160.0,1491778300.0,17747504.0,1628.1317,827.2383,-1.6974869,-9.86824
2015-12-21 08:20:00,217417.67,8760182.0,6637346.0,434682240.0,266467409920.0,1502915200.0,17815338.0,1707.1096,826.7085,-2.6197872,-13.476894
2015-12-21 08:30:00,215515.38,8883408.0,6743178.0,436796580.0,299216732160.0,1513823200.0,17899348.0,1779.1392,826.6141,-3.4588203,-17.26902
2015-12-21 08:40:00,213529.64,9000204.0,6875401.5,439105180.0,335991373824.0,1524365700.0,17999380.0,1843.415,826.96735,-4.1943245,-21.205973
2015-12-21 08:50:00,211473.38,9109083.0,7034390.0,441581980.0,376276516864.0,1534402800.0,18114866.0,1899.7163,827.7744,-4.8061824,-25.246841
2015-12-21 09:00:00,209359.3,9208625.0,7220470.0,444197220.0,419206430720.0,1543799400.0,18244896.0,1947.1675,829.0353,3.5899098,-24.845634
2015-12-21 09:10:00,207200.14,9297514.0,7433856.5,446916770.0,463605137408.0,1552424000.0,18388192.0,1987.9758,830.74396,2.674948,-30.10634
2015-12-21 09:20:00,205008.14,9374566.0,7674671.5,449705700.0,508101558272.0,1560157800.0,18543194.0,2021.3536,832.8886,1.8682214,-35.32071
2015-12-21 09:30:00,202795.05,9438765.0,7942861.0,452526460.0,551223689216.0,1566896900.0,18708062.0,2047.8677,835.452,1.1893107,-40.43868
2015-12-21 09:40:00,200571.78,9489295.0,8238199.0,455344060.0,591441887232.0,1572556200.0,18880812.0,2068.4514,838.4125,0.6560651,-45.412083
2015-12-21 09:50:00,198348.42,9525560.0,8560239.0,458125570.0,627231948800.0,1577074700.0,19059312.0,2084.2505,841.7437,0.28431964,-50.195335
2015-12-21 10:00:00,196133.97,9547206.0,8908281.0,460842370.0,657167745024.0,1580417500.0,19241398.0,2096.4075,845.4163,0.08768013,-54.746098
2015-12-21 10:10:00,193936.4,9554128.0,9281355.0,463471460.0,679999700992.0,1582579000.0,19424926.0,2105.8784,849.3977,0.077316165,-59.025852
2015-12-21 10:20:00,191762.39,9546467.0,9678183.0,465995940.0,694759915520.0,1583582800.0,19607854.0,2113.3867,853.65344,0.26183027,-63.000443
2015-12-21 10:30:00,189617.03,9524615.0,10097174.0,468407040.0,700838379520.0,1583481500.0,19788268.0,2119.4333,858.14764,0.64711577,-66.640564
2015-12-21 10:40:00,187504.42,9489188.0,10536436.0,470704450.0,698048315392.0,1582357600.0,19964482.0,2124.3352,862.84406,1.2362568,-69.922195
2015-12-21 10:50:00,185427.1,9441012.0,10993764.0,472894900.0,686667726848.0,1580318300.0,20135050.0,2128.2961,867.7062,2.0294247,-72.82693
2015-12-21 11:00:00,183386.34,9381095.0,11466666.0,474994300.0,667462074368.0,1577495200.0,20298808.0,2131.4636,872.6982,3.0237987,-75.34229
2015-12-21 11:10:00,181382.06,9310596.0,11952420.0,477025180.0,641640890368.0,1574039700.0,20454876.0,2133.9426,877.7854,4.2135124,-77.46192
2015-12-21 11:20:00,179413.06,9230786.0,12448096.0,479017120.0,610773368832.0,1570115100.0,20602648.0,2135.837,882.9349,5.5896273,-79.18565
2015-12-21 11:30:00,177476.86,9143017.0,12950636.0,481004350.0,576672628736.0,1565895200.0,20741788.0,2137.25,888.1153,7.1401505,-80.51948
2015-12-21 11:40:00,175569.97,9048687.0,13456913.0,483025820.0,541214769151.99994,1561559900.0,20872244.0,2138.2815,893.29803,8.850127,-81.475395
2015-12-21 11:50:00,173688.1,8949199.0,13963805.0,485121950.0,506158743552.0,1557288000.0,20994156.0,2139.0278,898.4566,10.701768,-82.07109
2015-12-21 12:00:00,171826.0,8845933.0,14468305.0,487336480.0,473013616640.0,1553253400.0,21107858.0,2139.4062,903.5674,10.991947,-83.580864
2015-12-21 12:10:00,169977.95,8740221.0,14967552.0,489710880.0,442920828928.0,1549621600.0,21213846.0,2139.8381,908.6094,13.013439,-83.482864
2015-12-21 12:20:00,168137.62,8633308.0,15458950.0,492285980.0,416615268352.0,1546544300.0,21312678.0,2140.2012,913.5647,15.1296835,-83.09553
2015-12-21 12:30:00,166298.48,8526352.0,15940223.0,495100600.0,394506600448.0,1544159100.0,21405058.0,2140.5322,918.418,17.31349,-82.45607
2015-12-21 12:40:00,164453.72,8420385.0,16409435.0,498187300.0,376697126912.0,1542582000.0,21491626.0,2140.8516,923.1572,19.536469,-81.60415
2015-12-21 12:50:00,162596.66,8316312.5,16865130.0,501577000.0,363058790400.0,1541910800.0,21573092.0,2141.166,927.7731,21.76954,-80.58101
2015-12-21 13:00:00,160720.83,8214910.5,17306244.0,505293020.0,353357496320.0,1542218500.0,21650120.0,2141.4722,932.2587,23.983501,-79.42853
2015-12-21 13:10:00,158820.0,8116804.0,17732200.0,509352640.0,347231649792.0,1543553800.0,21723288.0,2141.7588,936.61066,26.14958,-78.18836
2015-12-21 13:20:00,156888.69,8022483.0,18142878.0,513766600.0,344307040256.0,1545942900.0,21793188.0,2141.9949,940.82764,28.239971,-76.900986
2015-12-21 13:30:00,154922.06,7932294.0,18538584.0,518538620.0,344146313216.0,1549384300.0,21860264.0,2142.156,944.9108,30.228352,-75.6049
2015-12-21 13:40:00,152916.1,7846444.0,18920034.0,523664400.0,346313162752.0,1553853200.0,21924974.0,2142.229,948.8641,32.090366,-74.33582
2015-12-21 13:50:00,150867.8,7765010.5,19288304.0,529132670.0,350370725888.0,1559296800.0,21987618.0,2142.2405,952.69293,33.80403,-73.12594
2015-12-21 14:00:00,148775.34,7687949.5,19644808.0,534925500.0,355881615360.0,1565642600.0,22048556.0,2142.1858,956.40515,35.350132,-72.0033
2015-12-21 14:10:00,146638.22,7615099.5,19991164.0,541016770.0,362422435840.0,1572791000.0,22107994.0,2142.07,960.01,36.712524,-70.991234
2015-12-21 14:20:00,144456.97,7546196.5,20329184.0,547373500.0,369614061568.0,1580623400.0,22166186.0,2141.9004,963.51794,37.878376,-70.10794
2015-12-21 14:30:00,142233.77,7480882.5,20660814.0,553957600.0,377130057728.0,1588998900.0,22223332.0,2141.6887,966.9403,38.83835,-69.366066
2015-12-21 14:40:00,139971.9,7418716.0,20987994.0,560723500.0,384685998080.0,1597760500.0,22279604.0,2141.4536,970.28955,39.586708,-68.77259
2015-12-21 14:50:00,137676.14,7359193.0,21312642.0,567620600.0,392064368640.0,1606735100.0,22335222.0,2141.214,973.57764,40.121407,-68.32854
2015-12-21 15:00:00,135352.42,7301750.0,21636596.0,574594560.0,399099330560.0,1615737000.0,22390362.0,2140.8699,976.8167,41.332474,-68.275
2015-12-21 15:10:00,133007.9,7245787.0,21961454.0,581586560.0,405670887424.0,1624572200.0,22445260.0,2140.6338,980.01794,41.458817,-68.28509
2015-12-21 15:20:00,130650.805,7190683.0,22288648.0,588536260.0,411691024384.0,1633042700.0,22500176.0,2140.4514,983.1917,41.368057,-68.42827
2015-12-21 15:30:00,128290.27,7135794.0,22619226.0,595379000.0,417096630272.0,1640945300.0,22555322.0,2140.3535,986.3467,41.07223,-68.68102
2015-12-21 15:40:00,125936.164,7080492.5,22953914.0,602051600.0,421836816384.0,1648081200.0,22610940.0,2140.352,989.48956,40.586906,-69.01447
2015-12-21 15:50:00,123599.02,7024170.0,23292994.0,608489860.0,425866723328.0,1654261400.0,22667336.0,2140.4458,992.6248,39.930943,-69.39483
2015-12-21 16:00:00,121289.75,6966252.0,23636298.0,614631550.0,429134610432.0,1659303600.0,22724712.0,2140.624,995.75415,39.126194,-69.784
2015-12-21 16:10:00,119019.49,6906212.5,23983104.0,620415400.0,431593291776.0,1663040500.0,22783250.0,2140.8672,998.8766,38.197144,-70.14029
2015-12-21 16:20:00,116799.42,6843593.5,24332172.0,625784770.0,433179164672.0,1665328400.0,22843138.0,2141.1516,1001.9874,37.170525,-70.41913
2015-12-21 16:30:00,114640.71,6778012.5,24681678.0,630686700.0,433831575552.0,1666043000.0,22904496.0,2141.4495,1005.0792,36.07485,-70.5739
2015-12-21 16:40:00,112554.09,6709170.0,25029222.0,635074200.0,433500127232.0,1665087900.0,22967406.0,2141.728,1008.1412,34.939926,-70.55685
2015-12-21 16:50:00,110550.055,6636862.0,25371794.0,638904260.0,432130064384.0,1662390500.0,23031734.0,2141.9585,1011.15875,33.79637,-70.32
2015-12-21 17:00:00,108638.58,6560987.5,25705824.0,642142800.0,429710737408.0,1657914500.0,23097434.0,2142.11,1014.11444,32.675064,-69.81609
2015-12-21 17:10:00,106828.875,6481544.0,26027224.0,644761700.0,426256367616.0,1651649700.0,23164228.0,2142.1523,1016.9877,31.60658,-68.99954
2015-12-21 17:20:00,105129.69,6398636.5,26331408.0,646741400.0,421832556544.0,1643619300.0,23231778.0,2142.0583,1019.7553,30.620691,-67.827415
2015-12-21 17:30:00,103548.92,6312467.5,26613410.0,648069300.0,416578437120.0,1633875200.0,23299608.0,2141.7998,1022.39154,29.745811,-66.26027
2015-12-21 17:40:00,102093.766,6223338.5,26867934.0,648741250.0,410676494336.0,1622500000.0,23367144.0,2141.351,1024.869,29.00851,-64.26307
2015-12-21 17:50:00,100770.69,6131639.5,27089552.0,648761150.0,404392542208.0,1609601500.0,23433648.0,2140.691,1027.1586,28.433027,-61.80597
2015-12-21 18:00:00,99585.35,6037836.5,27272722.0,648138750.0,398051704832.0,1595310800.0,23498286.0,2139.6409,1029.2305,27.434013,-66.48346
2015-12-21 18:10:00,98542.71,5942461.0,27412070.0,646892350.0,392017117184.0,1579779700.0,23560082.0,2138.484,1031.0544,27.114563,-63.20903
2015-12-21 18:20:00,97647.016,5846105.0,27502508.0,645045500.0,386679275520.0,1563175600.0,23617940.0,2137.0522,1032.6007,27.041885,-59.376106
2015-12-21 18:30:00,96901.875,5749397.5,27539356.0,642626940.0,382433329152.0,1545679400.0,23670628.0,2135.3198,1033.84,27.22897,-54.98024
2015-12-21 18:40:00,96310.266,5652997.5,27518626.0,639670340.0,379645329408.0,1527477100.0,23716840.0,2133.2559,1034.7449,27.684372,-50.025154
2015-12-21 18:50:00,95874.48,5557571.5,27437054.0,636211650.0,378639155200.0,1508760400.0,23755124.0,2130.8076,1035.2897,28.412043,-44.522926
2015-12-21 19:00:00,95596.46,5463793.5,27292352.0,632289900.0,379654668288.0,1489719300.0,23783950.0,2127.8892,1035.4512,29.411211,-38.494015
2015-12-21 19:10:00,95477.38,5372326.0,27083240.0,627945100.0,382827823104.0,1470542500.0,23801760.0,2124.3728,1035.2092,30.676386,-31.967154
2015-12-21 19:20:00,95518.14,5283806.0,26809630.0,623218400.0,388154228736.0,1451407900.0,23806886.0,2120.0608,1034.5471,32.197388,-24.97911
2015-12-21 19:30:00,95718.99,5198843.5,26472534.0,618148800.0,395460608000.0,1432485900.0,23797664.0,2114.657,1033.4514,33.959496,-17.57432
2015-12-21 19:40:00,96079.91,5118014.5,26074208.0,612774800.0,404383137792.0,1413934100.0,23772422.0,2107.7314,1031.9131,35.94366,-9.804351
2015-12-21 19:50:00,96600.24,5041844.5,25617986.0,607133060.0,414354735104.0,1395896400.0,23729526.0,2098.655,1029.9269,38.126774,-1.7272844
2015-12-21 20:00:00,97279.11,4970818.0,25108284.0,601257340.0,424620195840.0,1378499800.0,23667430.0,2086.528,1027.492,40.482056,6.5930505
2015-12-21 20:10:00,98114.95,4905367.5,24550460.0,595178800.0,434271846400.0,1361857900.0,23584680.0,2070.1091,1024.6117,42.979446,15.08792
2015-12-21 20:20:00,99105.92,4845874.5,23950612.0,588925440.0,442319667200.0,1346065700.0,23479998.0,2047.7859,1021.29395,45.586113,23.684647
2015-12-21 20:30:00,100249.62,4792669.0,23315470.0,582522750.0,447802736640.0,1331202200.0,23352294.0,2017.6912,1017.5506,48.26697,32.307617
2015-12-21 20:40:00,101543.195,4746029.5,22652148.0,575992800.0,449956904960.0,1317330000.0,23200738.0,1977.9982,1013.39795,50.985256,40.879368
2015-12-21 20:50:00,102983.26,4706184.0,21967982.0,569355800.0,448438337536.0,1304497200.0,23024770.0,1927.2279,1008.8563,53.703117,49.321682
2015-12-21 21:00:00,104565.96,4673313.0,21270312.0,562628540.0,443500822528.0,1292735400.0,22824202.0,1864.5469,1003.9495,55.31576,63.3812
2015-12-21 21:10:00,106286.85,4647549.5,20566376.0,555828400.0,435905429504.0,1282064500.0,22599186.0,1790.1842,998.70557,57.51095,70.645065
2015-12-21 21:20:00,108140.96,4628978.5,19863062.0,548970300.0,426449043456.0,1272491000.0,22350294.0,1718.4174,993.15564,59.601696,77.55785
2015-12-21 21:30:00,110122.82,4617643.5,19166794.0,542068860.0,415650611200.0,1264009100.0,22078482.0,1644.8883,987.334,61.558064,84.056366
2015-12-21 21:40:00,112226.38,4613541.0,18483498.0,535139780.0,403805667328.0,1256604300.0,21785158.0,1571.3854,981.278,63.351673,90.08168
2015-12-21 21:50:00,114445.06,4616629.5,17818442.0,528198980.0,391228620800.0,1250253700.0,21472146.0,1499.2739,975.0274,64.956154,95.58005
2015-12-21 22:00:00,116771.96,4626825.0,17176252.0,521265150.0,380937109504.0,1244928400.0,21141710.0,1429.5994,968.624,66.3476,100.50378
2015-12-21 22:10:00,119199.52,4643996.0,16560857.0,514357340.0,369965432832.0,1240591200.0,20796440.0,1363.1625,962.112,67.50496,104.81187
2015-12-21 22:20:00,121719.99,4667975.0,15975506.0,507499140.0,358568951808.0,1237202800.0,20439334.0,1300.5442,955.53644,68.410324,108.470695
2015-12-21 22:30:00,124325.164,4698549.5,15422755.0,500713860.0,347299020800.0,1234719000.0,20073558.0,1242.143,948.9435,69.04925,111.4545
2015-12-21 22:40:00,127006.67,4735464.5,14904601.0,494030430.0,336542892032.0,1233097200.0,19702660.0,1188.1941,942.38,69.410965,113.745766
2015-12-21 22:50:00,129756.08,4778424.0,14422421.0,487479400.0,326469320704.0,1232291300.0,19330256.0,1144.7538,935.89264,69.488525,115.335495
2015-12-21 23:00:00,132564.73,4827082.5,13977057.0,481091940.0,317044817920.0,1232254500.0,18959992.0,1119.9813,929.5275,69.27887,116.22326
2015-12-21 23:10:00,135424.11,4881054.0,13568925.0,474903330.0,308060520448.0,1232942500.0,18595626.0,1087.3173,923.3298,68.78294,116.41727
2015-12-21 23:20:00,138325.88,4939908.0,13197982.0,468947460.0,299208474624.0,1234310800.0,18240748.0,1048.4202,917.3424,68.00561,115.93416
2015-12-21 23:30:00,141261.94,5003174.0,12863852.0,463260640.0,290160771072.0,1236315900.0,17898856.0,1006.3048,911.6065,66.95557,114.798805
2015-12-21 23:40:00,144224.38,5070336.0,12565816.0,457876380.0,280661295104.0,1238916000.0,17573230.0,964.2748,906.16,65.6453,113.04388
2015-12-21 23:50:00,147205.84,5140842.5,12302901.0,452828400.0,270585053184.00003,1242067600.0,17266868.0,932.12476,901.0375,64.09083,110.70934
2015-12-22 00:00:00,153665.06,4626566.0,10542389.0,414314560.0,259469131776.0,1127874200.0,15678968.0,913.54175,884.1865,62.982002,108.50423
2015-12-22 00:10:00,156703.45,4696253.5,10341671.0,409578530.0,248615763968.0,1130672800.0,15404371.0,893.8463,879.2479,60.988995,105.158066
2015-12-22 00:20:00,159745.2,4767623.5,10170797.0,405258140.0,237982072832.0,1133872900.0,15155749.0,880.1393,874.7124,58.81029,101.384514
2015-12-22 00:30:00,162785.36,4840117.5,10027850.0,401372220.0,228089577472.0,1137439400.0,14934588.0,875.92816,870.59674,56.474136,97.24674
2015-12-22 00:40:00,165819.12,4913159.0,9910768.0,397931800.0,219415281664.0,1141331200.0,14741919.0,872.1535,866.9127,54.01073,92.811356
2015-12-22 00:50:00,168842.58,4986184.0,9817345.0,394942530.0,212310589440.0,1145505300.0,14578397.0,868.8206,863.66547,51.45173,88.147316
2015-12-22 01:00:00,171852.16,5058631.5,9745230.0,392402980.0,206956052480.0,1149912700.0,14444226.0,865.92914,860.8541,48.829704,83.3249
2015-12-22 01:10:00,174844.45,5129960.5,9691919.0,390303800.0,203364564992.0,1154501000.0,14339289.0,863.4722,858.47205,46.177593,78.414635
2015-12-22 01:20:00,177816.66,5199665.0,9654765.0,388630620.0,201402826752.0,1159214100.0,14263077.0,861.437,856.5064,43.52809,73.48612
2015-12-22 01:30:00,180766.11,5267281.5,9630969.0,387361000.0,200833433600.0,1163991000.0,14214727.0,859.8049,854.93854,40.913067,68.60698
2015-12-22 01:40:00,183690.05,5332390.5,9617609.0,386466850.0,201352773632.0,1168767900.0,14193013.0,858.55164,853.74457,38.363,63.841785
2015-12-22 01:50:00,186586.1,5394649.0,9611645.0,385915170.0,202633379840.0,1173483000.0,14196471.0,857.6479,852.89545,35.9064,59.251
2015-12-22 02:00:00,189451.52,5453779.0,9609970.0,385668300.0,204355862528.0,1178072400.0,14223289.0,857.0601,852.35754,33.56928,54.890068
2015-12-22 02:10:00,192283.6,5509584.0,9609426.0,385684740.0,206241923072.0,1182476800.0,14271458.0,856.7503,852.0935,31.374681,50.808517
2015-12-22 02:20:00,195079.27,5561956.5,9606875.0,385919840.0,208070770688.0,1186639500.0,14338668.0,856.67737,852.06244,29.342272,47.04918
2015-12-22 02:30:00,197835.22,5610884.0,9599289.0,386329120.0,209688723456.0,1190514800.0,14422533.0,856.7977,852.2213,27.48797,43.647564
2015-12-22 02:40:00,200547.66,5656444.0,9583781.0,386867070.0,211008307200.0,1194062100.0,14520405.0,857.06573,852.5248,25.823698,40.63131
2015-12-22 02:50:00,203212.38,5698811.5,9557705.0,387489180.0,211996786688.0,1197254400.0,14629607.0,857.4349,852.9268,24.357233,38.019825
2015-12-22 03:00:00,205823.9,5738239.0,9518750.0,388152740.0,212660174848.0,1200074400.0,14747335.0,853.1548,853.38074,23.152575,36.26833
2015-12-22 03:10:00,208378.88,5775105.5,9464959.0,388819070.0,213026521088.0,1202520700.0,14870862.0,853.5352,853.841,22.106127,34.506218
2015-12-22 03:20:00,210870.62,5809830.0,9394867.0,389452640.0,213128331264.0,1204603600.0,14997428.0,853.8801,854.2629,21.278961,33.169422
2015-12-22 03:30:00,213292.86,5842913.5,9307488.0,390021980.0,212989001728.0,1206345500.0,15124348.0,854.14655,854.6037,20.66459,32.245068
2015-12-22 03:40:00,215639.1,5874919.5,9202411.0,390502370.0,212612841472.0,1207782300.0,15249069.0,854.2943,854.82385,20.252943,31.7124
2015-12-22 03:50:00,217902.1,5906458.5,9079744.0,390872860.0,211979583488.0,1208963000.0,15369252.0,854.287,854.88666,20.030684,31.543282
2015-12-22 04:00:00,220074.27,5938176.0,8940154.0,391118460.0,211044220928.0,1209943300.0,15482717.0,854.09186,854.76,19.98162,31.702822
2015-12-22 04:10:00,222147.83,5970738.5,8784812.0,391229700.0,209741168640.0,1210788600.0,15587559.0,853.6811,854.416,20.087114,32.150135
2015-12-22 04:20:00,224114.61,6004827.5,8615360.0,391203200.0,207990505472.0,1211572700.0,15682201.0,853.0318,853.83203,20.3265,32.83917
2015-12-22 04:30:00,225966.23,6041113.0,8433818.0,391039680.0,205709606912.0,1212369200.0,15765299.0,852.1271,852.99084,20.677519,33.71961
2015-12-22 04:40:00,227694.33,6080256.0,8242524.0,390744160.0,202824826880.0,1213256800.0,15835893.0,850.9553,851.881,21.116676,34.73784
2015-12-22 04:50:00,229290.53,6122886.5,8044027.0,390326100.0,199283982336.0,1214312100.0,15893329.0,849.5115,850.49725,21.61961,35.8379
2015-12-22 05:00:00,230746.61,6169598.5,7841038.0,389799100.0,195070345216.0,1215612500.0,15937350.0,847.7966,848.84033,22.161377,36.96245
2015-12-22 05:10:00,232054.52,6220931.0,7636298.0,389178660.0,190211735552.0,1217226900.0,15967962.0,854.7078,846.9174,22.716753,38.053753
2015-12-22 05:20:00,233206.67,6277374.5,7432531.0,388483870.0,184786059264.0,1219224000.0,15985608.0,873.5757,844.74164,23.260529,39.05462
2015-12-22 05:30:00,234195.97,6339342.5,7232380.5,387736320.0,178924503040.0,1221662200.0,15990965.0,888.86926,842.3322,23.76783,39.90928
2015-12-22 05:40:00,235015.86,6407173.5,7038337.0,386958300.0,172806963200.0,1224595000.0,15985096.0,897.7946,839.7142,24.2145,40.56435
2015-12-22 05:50:00,235660.66,6481124.0,6852712.5,386174140.0,166655033344.0,1228064800.0,15969284.0,898.1475,836.9179,24.57753,40.96966
2015-12-22 06:00:00,236125.42,6561359.5,6677630.5,385410180.0,160721584128.0,1232109000.0,15945155.0,897.2799,833.97876,19.102364,34.539757
2015-12-22 06:10:00,236406.25,6647937.5,6514972.0,384692000.0,155280097280.0,1236752000.0,15914456.0,918.5489,830.9362,19.045282,34.26555
2015-12-22 06:20:00,236500.25,6740819.0,6366440.5,384047600.0,150615064576.0,1242011600.0,15879236.0,943.20557,827.83374,18.914572,33.68092
2015-12-22 06:30:00,236405.8,6839841.5,6233510.5,383504000.0,147015761920.0,1247894300.0,15841608.0,971.6343,824.71765,18.697845,32.753647
2015-12-22 06:40:00,236122.48,6944731.5,6117492.5,383089440.0,144772513792.0,1254398800.0,15803882.0,1004.2201,821.63635,18.384094,31.45686
2015-12-22 06:50:00,235651.17,7055086.0,6019524.0,382830100.0,144176594944.0,1261511400.0,15768336.0,1041.3257,818.6397,17.964413,29.769884
2015-12-22 07:00:00,234994.11,7170377.5,5940625.5,382752930.0,145521786880.0,1269211500.0,15737355.0,1083.2764,815.7782,17.43266,27.678976
2015-12-22 07:10:00,234154.95,7289947.0,5881692.5,382881540.0,149107392512.0,1277465300.0,15713216.0,1130.3306,813.1012,16.785954,25.177814
2015-12-22 07:20:00,233138.69,7413006.0,5843562.5,383238660.0,155238268928.0,1286229000.0,15698113.0,1182.6503,810.65753,16.02499,22.267725
2015-12-22 07:30:00,231951.8,7538643.0,5827012.0,383843940.0,164222402560.0,1295450400.0,15694147.0,1256.4003,808.4932,15.154229,18.95774
2015-12-22 07:40:00,230601.95,7665822.0,5832785.0,384712450.0,176360587264.0,1305063300.0,15703159.0,1351.188,806.6515,14.181828,15.26438
2015-12-22 07:50:00,229098.1,7793394.0,5861609.0,385854820.0,191928238080.0,1314989800.0,15726754.0,1444.1677,805.1716,13.119487,11.211266
2015-12-22 08:00:00,227450.5,7920113.5,5914221.5,387277220.0,211149012992.0,1325141400.0,15766252.0,1534.1011,804.08826,11.982122,6.828574
2015-12-22 08:10:00,225670.25,8044654.5,5991358.0,388979500.0,235223285760.0,1335418800.0,15822633.0,1619.5486,803.431,10.78746,2.1523614
2015-12-22 08:20:00,223769.42,8165632.0,6093761.0,390955170.0,263563264000.00003,1345712600.0,15896533.0,1699.1892,803.22375,9.5555525,-2.776222
2015-12-22 08:30:00,221760.72,8281621.0,6222171.0,393190880.0,296148598784.0,1355902500.0,15988156.0,1771.9233,803.48413,8.308248,-7.9117823
2015-12-22 08:40:00,219657.52,8391193.0,6377328.5,395667650.0,332766150656.0,1365862400.0,16097320.0,1836.9114,804.2237,7.06862,-13.205593
2015-12-22 08:50:00,217473.53,8492952.0,6559936.0,398359940.0,372914159616.0,1375464100.0,16223474.0,1893.908,805.4472,5.8604245,-18.606518
2015-12-22 09:00:00,215222.45,8585557.0,6770644.0,401236670.0,415742656512.0,1384576100.0,16365634.0,1943.5295,807.1534,-0.25388622,-26.852524
2015-12-22 09:10:00,212917.9,8667764.0,7010021.0,404262600.0,460087197696.0,1393070800.0,16522471.0,1984.8135,809.3342,-0.9063072,-31.639889
2015-12-22 09:20:00,210573.47,8738467.0,7278524.0,407400260.0,504587386880.0,1400831000.0,16692396.0,2018.6393,811.97595,-1.4238918,-36.392834
2015-12-22 09:30:00,208201.92,8796710.0,7576439.0,410609250.0,547779084288.0,1407748500.0,16873470.0,2045.559,815.0592,-1.7896649,-41.065174
2015-12-22 09:40:00,205824.88,8841739.0,7903862.0,413850400.0,588142149632.0,1413735000.0,17063632.0,2066.4893,818.5599,-1.988832,-45.61254
2015-12-22 09:50:00,203434.8,8873006.0,8260653.0,417087200.0,624159686656.0,1418720800.0,17260636.0,2082.5723,822.44904,-2.009037,-49.992992
2015-12-22 10:00:00,201051.38,8890194.0,8646369.0,420284740.0,654403371008.0,1422660100.0,17462172.0,2094.9514,826.6944,-1.8405099,-54.1675
2015-12-22 10:10:00,198683.73,8893231.0,9060273.0,423415680.0,677622710272.0,1425538000.0,17666050.0,2104.595,831.26086,-1.4761996,-58.100517
2015-12-22 10:20:00,196339.58,8882274.0,9501252.0,426458100.0,692833550336.0,1427363200.0,17870046.0,2112.237,836.1111,-0.91180795,-61.76037
2015-12-22 10:30:00,194025.34,8857720.0,9967834.0,429397920.0,699402682368.0,1428176100.0,18072180.0,2118.3904,841.20667,-0.14578348,-65.119675
2015-12-22 10:40:00,191746.16,8820180.0,10458158.0,432229470.0,697114689536.0,1428043100.0,18270648.0,2123.3784,846.50836,0.82066745,-68.15573
2015-12-22 10:50:00,189505.44,8770464.0,10969979.0,434955970.0,686204780544.0,1427057000.0,18463898.0,2127.4116,851.9775,1.9836168,-70.85085
2015-12-22 11:00:00,187305.42,8709554.0,11500670.0,437587700.0,667401846784.0,1425333000.0,18650686.0,2130.6384,857.5758,3.3364289,-73.19267
2015-12-22 11:10:00,185146.94,8638567.0,12047292.0,440144000.0,641877540864.0,1423005400.0,18830028.0,2133.1675,863.2665,4.8697863,-75.17437
2015-12-22 11:20:00,183029.38,8558730.0,12606613.0,442650700.0,611183689728.0,1420223900.0,19001290.0,2135.1035,869.0148,6.571725,-76.79479
2015-12-22 11:30:00,180951.0,8471344.0,13175168.0,445138780.0,577124564992.0,1417147800.0,19164090.0,2136.5508,874.7877,8.427672,-78.05854
2015-12-22 11:40:00,178908.98,8377739.0,13749376.0,447645100.0,541570367487.99994,1413941500.0,19318306.0,2137.6074,880.5552,10.420548,-78.97585
2015-12-22 11:50:00,176899.47,8279259.5,14325589.0,450208770.0,506310918144.0,1410772200.0,19464092.0,2138.3726,886.2896,12.530869,-79.5624
2015-12-22 12:00:00,174917.75,8177215.5,14900175.0,452870600.0,472872583168.0,1407800600.0,19601758.0,2138.8132,891.9664,9.689288,-83.59331
2015-12-22 12:10:00,172958.42,8072869.0,15469690.0,455672700.0,442429538304.0,1405182000.0,19731778.0,2139.2517,897.5637,11.81741,-83.44469
2015-12-22 12:20:00,171015.47,7967398.5,16030858.0,458653800.0,415766052864.0,1403056900.0,19854718.0,2139.6177,903.0632,14.055034,-83.00622
2015-12-22 12:30:00,169082.55,7861895.0,16580778.0,461853570.0,393299427328.0,1401557100.0,19971286.0,2139.9507,908.4491,16.372707,-82.317055
2015-12-22 12:40:00,167153.08,7757328.5,17116900.0,465305300.0,375145824256.0,1400791900.0,20082164.0,2140.2708,913.709,18.739704,-81.41875
2015-12-22 12:50:00,165220.4,7654551.0,17637126.0,469039230.0,361215819776.0,1400852900.0,20188030.0,2140.5845,918.8333,21.124569,-80.35438
2015-12-22 13:00:00,163278.12,7554285.0,18139876.0,473080030.0,351260114944.0,1401811100.0,20289544.0,2140.8914,923.81537,23.495665,-79.16763
2015-12-22 13:10:00,161319.97,7457115.0,18624064.0,477446050.0,344930975744.0,1403714800.0,20387330.0,2141.18,928.65137,25.821758,-77.90192
2015-12-22 13:20:00,159340.27,7363492.0,19089136.0,482148770.0,341836038144.0,1406588200.0,20481910.0,2141.4204,933.33997,28.072561,-76.59941
2015-12-22 13:30:00,157333.9,7273739.5,19535054.0,487194500.0,341564784640.0,1410434400.0,20573794.0,2141.5864,937.88257,30.219234,-75.300224
2015-12-22 13:40:00,155296.67,7188047.0,19962258.0,492579840.0,343664852992.0,1415230700.0,20663348.0,2141.6636,942.2827,32.234905,-74.041595
2015-12-22 13:50:00,153225.16,7106485.0,20371604.0,498295970.0,347694202880.0,1420931300.0,20750894.0,2141.679,946.54626,34.095108,-72.85711
2015-12-22 14:00:00,151117.22,7029010.0,20764340.0,504325400.0,353214300160.0,1427468800.0,20836706.0,2141.629,950.68054,35.778168,-71.77605
2015-12-22 14:10:00,148971.64,6955472.5,21142028.0,510645020.0,359806566400.0,1434753400.0,20920996.0,2141.5178,954.6949,37.265587,-70.82276
2015-12-22 14:20:00,146788.66,6885627.0,21506426.0,517222980.0,367086469120.0,1442674400.0,21003918.0,2141.3525,958.59955,38.542282,-70.01626
2015-12-22 14:30:00,144569.75,6819146.5,21859460.0,524021980.0,374718889984.0,1451102600.0,21085598.0,2141.1445,962.4058,39.59685,-69.36972
2015-12-22 14:40:00,142317.52,6755630.0,22203156.0,530999230.0,382421925888.0,1459891300.0,21166146.0,2140.912,966.1256,40.421738,-68.8903
2015-12-22 14:50:00,140036.12,6694616.0,22539442.0,538104770.0,389973213184.0,1468880600.0,21245698.0,2140.6758,969.77075,41.013313,-68.57889
2015-12-22 15:00:00,137730.9,6635594.5,22870188.0,545284900.0,397203308544.0,1477896300.0,21324316.0,2140.3389,973.35284,45.028458,-68.78074
2015-12-22 15:10:00,135408.33,6578024.0,23197102.0,552481900.0,403988086784.0,1486757400.0,21402156.0,2140.1064,976.8829,45.078625,-69.28601
2015-12-22 15:20:00,133075.9,6521342.5,23521602.0,559635650.0,410239074304.0,1495278000.0,21479358.0,2139.9226,980.37067,44.868034,-69.951935
2015-12-22 15:30:00,130742.234,6464976.0,23844782.0,566681600.0,415888769024.0,1503266600.0,21555998.0,2139.823,983.8242,44.410942,-70.75075
2015-12-22 15:40:00,128416.53,6408367.5,24167386.0,573558000.0,420883431424.0,1510539000.0,21632318.0,2139.8193,987.25006,43.72592,-71.6488
2015-12-22 15:50:00,126108.8,6350972.5,24489634.0,580198850.0,425174794240.0,1516913700.0,21708406.0,2139.9111,990.6518,42.835514,-72.60718
2015-12-22 16:00:00,123829.484,6292283.5,24811264.0,586540740.0,428710625280.0,1522218000.0,21784382.0,2140.087,994.0306,41.765865,-73.58234
2015-12-22 16:10:00,121589.21,6231844.5,25131550.0,592524740.0,431435382784.0,1526298500.0,21860424.0,2140.3303,997.3849,40.546276,-74.52689
2015-12-22 16:20:00,119398.805,6169252.5,25449056.0,598090430.0,433282023424.0,1529013600.0,21936544.0,2140.6147,1000.7097,39.20867,-75.39052
2015-12-22 16:30:00,117269.13,6104177.5,25761864.0,603185660.0,434180358144.0,1530246300.0,22012822.0,2140.9128,1003.99677,37.787067,-76.120804
2015-12-22 16:40:00,115210.68,6036369.0,26067382.0,607761200.0,434069831680.0,1529903400.0,22089228.0,2141.1936,1007.2346,36.316936,-76.66428
2015-12-22 16:50:00,113233.75,5965657.5,26362484.0,611774460.0,432895721472.0,1527917700.0,22165664.0,2141.4272,1010.4086,34.834652,-76.967384
2015-12-22 17:00:00,111348.1,5891967.5,26643428.0,615188800.0,430615494656.0,1524249500.0,22241952.0,2141.583,1013.50055,33.37683,-76.977455
2015-12-22 17:10:00,109562.96,5815311.5,26906008.0,617976450.0,427245731840.0,1518888300.0,22317818.0,2141.6309,1016.4895,31.979702,-76.64377
2015-12-22 17:20:00,107887.05,5735795.5,27145546.0,620115140.0,422829490176.0,1511852400.0,22392854.0,2141.542,1019.352,30.678495,-75.91849
2015-12-22 17:30:00,106328.25,5653618.5,27357044.0,621592640.0,417491681280.0,1503193000.0,22466678.0,2141.2893,1022.062,29.50687,-74.75763
2015-12-22 17:40:00,104893.79,5569051.0,27535214.0,622402400.0,411412889600.0,1492979600.0,22538560.0,2140.8474,1024.5919,28.496313,-73.12196
2015-12-22 17:50:00,103590.26,5482458.5,27674774.0,622549060.0,404851392512.0,1481315500.0,22607900.0,2140.193,1026.9125,27.67561,-70.977844
2015-12-22 18:00:00,102423.375,5394257.0,27770376.0,622040060.0,398123499520.0,1468320000.0,22673788.0,2139.2415,1028.9939,27.795338,-58.957405
2015-12-22 18:10:00,101398.26,5304930.0,27816986.0,620893250.0,391595360256.0,1454134500.0,22735312.0,2138.097,1030.8058,27.584164,-55.515457
2015-12-22 18:20:00,100519.26,5215005.0,27809934.0,619132000.0,385673166848.0,1438914800.0,22791402.0,2136.6782,1032.3187,27.59143,-51.56165
2015-12-22 18:30:00,99790.12,5125040.5,27745118.0,616783700.0,380758425600.0,1422827800.0,22840854.0,2134.9597,1033.5034,27.82866,-47.092777
2015-12-22 18:40:00,99213.9,5035618.0,27619166.0,613880100.0,377243729920.0,1406045800.0,22882354.0,2132.9104,1034.3328,28.30343,-42.113266
2015-12-22 18:50:00,98793.13,4947332.0,27429694.0,610459200.0,375474028544.0,1388750000.0,22914602.0,2130.4795,1034.7812,29.019262,-36.63531
2015-12-22 19:00:00,98529.72,4860775.0,27175244.0,606557630.0,375718772736.0,1371116500.0,22936090.0,2127.5828,1034.826,29.975536,-30.678894
2015-12-22 19:10:00,98425.05,4776523.0,26855522.0,602215200.0,378145275904.0,1353318400.0,22945256.0,2124.0955,1034.4471,31.167479,-24.27165
2015-12-22 19:20:00,98479.99,4695135.5,26471410.0,597470600.0,382779883520.0,1335522200.0,22940508.0,2119.8245,1033.6284,32.586212,-17.448648
2015-12-22 19:30:00,98695.016,4617145.5,26025032.0,592364700.0,389485297664.0,1317887500.0,22920314.0,2114.4788,1032.3564,34.218906,-10.251992
2015-12-22 19:40:00,99070.01,4543049.5,25519652.0,586934500.0,397927972864.0,1300560100.0,22883034.0,2107.637,1030.6228,36.048885,-2.7303867
2015-12-22 19:50:00,99604.45,4473307.0,24959628.0,581215900.0,407564550144.0,1283672400.0,22827120.0,2098.683,1028.4224,38.05594,5.061466
2015-12-22 20:00:00,100297.41,4408333.0,24350332.0,575242400.0,417659355136.0,1267343700.0,22751078.0,2086.7344,1025.7544,40.216564,13.063556
2015-12-22 20:10:00,101147.36,4348501.5,23697954.0,569044860.0,427310415872.0,1251678600.0,22653612.0,2070.5684,1022.62317,42.504307,21.211323
2015-12-22 20:20:00,102152.5,4294139.0,23009354.0,562651460.0,435520536576.0,1236764400.0,22533474.0,2048.593,1019.036,44.890186,29.436523
2015-12-22 20:30:00,103310.414,4245528.5,22291826.0,556086700.0,441313853440.0,1222673800.0,22389690.0,2018.9514,1015.00555,47.343105,37.668167
2015-12-22 20:40:00,104618.17,4202906.5,21552954.0,549373440.0,443893481472.0,1209466000.0,22221554.0,1979.8064,1010.5482,49.830364,45.83349
2015-12-22 20:50:00,106072.46,4166468.0,20800324.0,542530050.0,442869579776.0,1197180900.0,22028548.0,1929.6589,1005.6841,52.318127,53.858974
2015-12-22 21:00:00,107669.4,4136365.5,20041462.0,535576500.0,438454288384.0,1185850900.0,21810626.0,1867.2518,1000.4376,54.772015,61.671448
2015-12-22 21:10:00,109404.54,4112710.2,19283528.0,528528670.0,431372894208.0,1175491600.0,21568032.0,1792.9047,994.83673,57.157623,69.19912
2015-12-22 21:20:00,111272.97,4095575.0,18533250.0,521401950.0,422422249472.0,1166108300.0,21301446.0,1720.7085,988.9129,59.441097,76.37262
2015-12-22 21:30:00,113269.234,4084994.5,17796748.0,514211700.0,412109963264.0,1157694800.0,21011888.0,1647.0835,982.70044,61.58967,83.12611
2015-12-22 21:40:00,115387.34,4080967.0,17079550.0,506975070.0,400743727104.0,1150238300.0,20700892.0,1573.3956,976.23706,63.57221,89.39817
2015-12-22 21:50:00,117620.85,4083453.8,16386436.0,499708450.0,388608229376.0,1143715200.0,20370342.0,1501.0311,969.56305,65.35971,95.13282
2015-12-22 22:00:00,119962.9,4092384.8,15721439.0,492431000.0,378586562560.0,1138098800.0,20022574.0,1431.0498,962.72046,66.9258,100.280304
2015-12-22 22:10:00,122406.1,4107649.0,15087913.0,485164100.0,368027467776.0,1133356000.0,19660262.0,1364.2648,955.75397,68.24709,104.797874
2015-12-22 22:20:00,124942.81,4129104.0,14488453.0,477930940.0,356978950144.0,1129449300.0,19286390.0,1301.2701,948.70935,69.30361,108.65039
2015-12-22 22:30:00,127565.18,4156572.2,13925005.0,470758000.0,346004520960.0,1126340700.0,18904258.0,1242.4734,941.6336,70.079094,111.81089
2015-12-22 22:40:00,130264.836,4189836.0,13398926.0,463674460.0,335494316032.0,1123989600.0,18517346.0,1188.1208,934.57446,70.56121,114.26096
2015-12-22 22:50:00,133033.73,4228644.0,12910988.0,456711780.0,325615190016.0,1122356500.0,18129262.0,1144.6482,927.5796,70.74177,115.99098
2015-12-22 23:00:00,135857.22,4272705.0,12461484.0,449903300.0,316341944320.0,1121400600.0,17743686.0,1120.1423,920.6963,70.61684,117.00029
2015-12-22 23:10:00,138739.45,4321695.5,12050308.0,443285500.0,307471679488.0,1121085400.0,17364340.0,1087.7273,913.971,70.186775,117.29711
2015-12-22 23:20:00,141666.12,4375249.5,11676967.0,436894620.0,298692542464.0,1121374000.0,16994766.0,1048.9596,907.4483,69.456245,116.89847
2015-12-22 23:30:00,144629.39,4432966.0,11340659.0,430766500.0,289683472384.0,1122229600.0,16638371.0,1006.81445,901.1706,68.43412,115.82989
2015-12-22 23:40:00,147621.64,4494409.5,11040342.0,424938600.0,280190287872.0,1123620600.0,16298403.0,964.6002,895.1777,67.13334,114.12494
2015-12-22 23:50:00,150635.75,4559108.0,10774743.0,419444220.0,270091812863.99997,1125512600.0,15977731.0,931.7014,889.5057,65.57072,111.82478
2015-12-23 00:00:00,153027.47,4459500.5,10294153.0,408274800.0,258975137792.0,1104316400.0,15504518.0,912.29614,883.38586,64.42936,109.40512
