,H,He,N,N2,Ne,O,O2,Te,Tn,mer,zon
2015-12-19 00:00:00,151387.2,3603388.2,3977660.0,69310400.0,607752683520.0,401155740.0,2018183.2,897.3366,885.7369,64.831726,123.44014
2015-12-19 00:10:00,154547.22,3654367.8,3880364.8,67780320.0,593531633664.0,399774180.0,1958240.2,878.98846,880.10114,62.645878,118.81429
2015-12-19 00:20:00,157715.12,3706927.0,3796879.2,66391400.0,579530260480.0,398700580.0,1904321.0,873.191,874.89484,60.297924,113.75125
2015-12-19 00:30:00,160885.66,3760663.0,3726333.2,65145130.0,565855715328.0,397932320.0,1856470.8,868.0941,870.136,57.823162,108.33721
2015-12-19 00:40:00,164054.05,3815170.5,3667842.2,64042016.0,552577400832.0,397465470.0,1814686.9,863.4658,865.8367,55.257816,102.66117
2015-12-19 00:50:00,167216.02,3870038.2,3620464.5,63080524.0,539686961152.0,397291230.0,1778891.1,859.31195,862.00214,52.638493,96.8135
2015-12-19 01:00:00,170367.89,3924859.8,3583219.8,62257516.0,527078457344.0,397397020.0,1748950.9,855.6319,858.6309,50.00152,90.884544
2015-12-19 01:10:00,173506.03,3979234.0,3555084.0,61568400.0,514561015808.0,397765820.0,1724685.1,852.4181,855.7153,47.382404,84.96318
2015-12-19 01:20:00,176627.3,4032776.8,3534982.8,61007044.0,501897297920.0,398375900.0,1705862.4,849.6567,853.241,44.815277,79.13543
2015-12-19 01:30:00,179728.84,4085134.0,3521788.5,60566012.0,488854814720.0,399202370.0,1692218.1,847.3276,851.1877,42.332355,73.48312
2015-12-19 01:40:00,182807.61,4135975.0,3514325.2,60236530.0,475256619008.0,400215170.0,1683438.5,845.4048,849.52936,39.96348,68.082695
2015-12-19 01:50:00,185860.67,4185012.5,3511366.5,60008724.0,461019578368.0,401381800.0,1679181.0,843.8568,848.23474,37.73571,63.003933
2015-12-19 02:00:00,188884.94,4232006.5,3511642.8,59871584.0,446174789632.0,402666660.0,1679064.4,842.6478,847.268,35.672924,58.30904
2015-12-19 02:10:00,191877.12,4276769.5,3513856.5,59813404.0,430862958592.0,404032600.0,1682676.5,841.7376,846.58936,33.795563,54.05167
2015-12-19 02:20:00,194833.62,4319175.5,3516693.5,59821620.0,415315099648.0,405441500.0,1689573.5,841.08264,846.15564,32.120365,50.276165
2015-12-19 02:30:00,197750.4,4359164.0,3518867.5,59883668.0,399816425472.0,406856830.0,1699291.9,840.6369,845.92114,30.660189,47.016983
2015-12-19 02:40:00,200622.97,4396740.0,3519110.0,59986280.0,384669122560.0,408242050.0,1711335.5,840.3526,845.8387,29.42392,44.29822
2015-12-19 02:50:00,203446.38,4431980.0,3516231.0,60116364.0,370154930176.0,409563740.0,1725192.8,840.1811,845.85986,28.416412,42.13336
2015-12-19 03:00:00,206214.17,4465018.0,3509142.2,60260988.0,356506435584.0,410791940.0,1740335.5,836.458,845.93646,27.572206,40.53366
2015-12-19 03:10:00,208922.16,4496088.0,3496880.2,60407972.0,343886757888.0,411901600.0,1756242.2,836.3303,846.0212,27.029564,39.46916
2015-12-19 03:20:00,211562.73,4525455.5,3478660.0,60545700.0,332381257728.0,412872500.0,1772386.0,836.17334,846.0679,26.71209,38.93704
2015-12-19 03:30:00,214128.7,4553450.5,3453867.0,60663204.0,322003369984.0,413688400.0,1788242.8,835.94336,846.0332,26.609238,38.909176
2015-12-19 03:40:00,216612.36,4580451.5,3422118.5,60751070.0,312704368640.0,414340200.0,1803317.8,835.5995,845.8768,26.706741,39.347885
2015-12-19 03:50:00,219005.5,4606886.5,3383247.0,60801068.0,304316252160.0,414823780.0,1817146.0,835.10486,845.5619,26.986734,40.2066
2015-12-19 04:00:00,221299.53,4633205.0,3337308.0,60806180.0,296614494208.0,415140200.0,1829298.1,834.42706,845.05664,27.427925,41.430676
2015-12-19 04:10:00,223485.55,4659891.0,3284591.8,60761300.0,289347993600.0,415297250.0,1839406.9,833.5389,844.33374,28.005783,42.958263
2015-12-19 04:20:00,225554.28,4687431.5,3225582.0,60662444.0,282257948672.0,415305060.0,1847148.4,832.4185,843.3716,28.692842,44.7214
2015-12-19 04:30:00,227496.61,4716322.0,3160954.5,60507556.0,275096207360.0,415179700.0,1852276.5,831.05023,842.15436,29.459076,46.647137
2015-12-19 04:40:00,229303.03,4747050.5,3091541.5,60295996.0,267645485056.0,414940160.0,1854612.5,829.42456,840.6723,30.27241,48.65883
2015-12-19 04:50:00,230964.44,4780088.5,3018295.2,60028836.0,259736584192.0,414608030.0,1854055.1,847.0433,838.92224,31.099415,50.67752
2015-12-19 05:00:00,232471.81,4815883.0,2942252.0,59708280.0,251265089536.0,414207070.0,1850577.8,868.23535,836.9071,31.906134,52.623436
2015-12-19 05:10:00,233816.64,4854852.0,2864504.8,59338380.0,242201985024.0,413763420.0,1844238.5,889.1653,834.6365,32.65904,54.417492
2015-12-19 05:20:00,234990.81,4897371.5,2786150.5,58923970.0,232600109056.0,413303700.0,1835168.9,906.5125,832.1259,33.326077,55.98286
2015-12-19 05:30:00,235986.92,4943770.0,2708281.0,58471428.0,222593220608.0,412855360.0,1823571.9,915.6631,829.39734,33.87771,57.24648
2015-12-19 05:40:00,236798.53,4994328.0,2631945.0,57987940.0,212388347904.0,412446750.0,1809724.4,911.7061,826.47833,34.28784,58.140465
2015-12-19 05:50:00,237419.95,5049263.5,2558129.2,57481616.0,202253189120.0,412105340.0,1793952.5,890.6369,823.40137,34.53462,58.603397
2015-12-19 06:00:00,237846.77,5108730.0,2487743.8,56961230.0,192499236864.0,411858400.0,1776636.9,851.5528,820.20404,34.943592,58.689056
2015-12-19 06:10:00,238075.55,5172817.5,2421622.0,56436404.0,183462461440.0,411734050.0,1758209.2,845.4843,816.92786,34.818016,58.139698
2015-12-19 06:20:00,238104.38,5241538.5,2360509.5,55917016.0,175486992384.0,411758620.0,1739123.6,856.04065,813.61804,34.4877,57.022194
2015-12-19 06:30:00,237932.66,5314826.0,2305067.8,55413296.0,168911192064.0,411957760.0,1719857.8,868.42664,810.3222,33.951332,55.31017
2015-12-19 06:40:00,237561.12,5392534.5,2255878.0,54935516.0,164059463680.0,412356320.0,1700900.1,882.8353,807.09,33.212612,52.98732
2015-12-19 06:50:00,236992.19,5474430.0,2213458.0,54494036.0,161241038848.0,412977920.0,1682743.8,899.44855,803.9723,32.279858,50.047577
2015-12-19 07:00:00,236229.61,5560191.0,2178264.5,54099010.0,160753270784.0,413844200.0,1665870.8,918.43176,801.0201,31.165567,46.495064
2015-12-19 07:10:00,235278.7,5649402.5,2150706.8,53760160.0,162889482240.0,414974530.0,1650746.8,939.9175,798.2837,29.886002,42.343933
2015-12-19 07:20:00,234146.05,5741555.0,2131160.5,53486804.0,167947026432.0,416385300.0,1637811.6,963.99536,795.8123,28.460718,37.61806
2015-12-19 07:30:00,232839.84,5836052.0,2119977.2,53287536.0,176233463808.0,418090100.0,1627478.4,1065.2274,793.65234,26.91217,32.3506
2015-12-19 07:40:00,231369.33,5932199.5,2117494.2,53170004.0,188066168832.0,420097820.0,1620120.4,1168.9723,791.84796,25.265276,26.583393
2015-12-19 07:50:00,229744.94,6029219.5,2124046.0,53141036.0,203765055488.0,422412770.0,1616071.2,1270.7389,790.43896,23.547007,20.366268
2015-12-19 08:00:00,227978.17,6126248.5,2139969.0,53206200.0,223571886080.0,425033380.0,1615616.2,1369.3228,789.461,21.786,13.756243
2015-12-19 08:10:00,226081.27,6222356.5,2165606.5,53369830.0,247228104704.0,427952420.0,1618999.6,1462.6271,788.94476,20.012115,6.81654
2015-12-19 08:20:00,224067.22,6316547.5,2201311.2,53634970.0,275197558784.0,431155780.0,1626409.6,1548.2144,788.91565,18.256018,-0.38440502
2015-12-19 08:30:00,221949.4,6407783.5,2247445.5,54003100.0,307489341440.0,434622240.0,1637979.9,1623.4153,789.39276,16.54871,-7.774091
2015-12-19 08:40:00,219741.53,6495002.0,2304377.0,54474336.0,343998103552.0,438324350.0,1653796.8,1685.3193,790.38947,14.921079,-15.277126
2015-12-19 08:50:00,217457.55,6577132.0,2372475.2,55047250.0,384541097984.0,442227460.0,1673881.4,1732.4952,791.9127,13.4034,-22.816475
2015-12-19 09:00:00,215111.12,6653129.0,2452092.0,55718730.0,428885311488.0,446291840.0,1698206.1,1765.171,793.9628,12.127773,-30.366652
2015-12-19 09:10:00,212715.73,6721993.0,2543564.5,56484476.0,476677668864.0,450472770.0,1726685.0,1785.5029,796.53406,10.94073,-37.74803
2015-12-19 09:20:00,210284.53,6782801.0,2647192.0,57338720.0,527316746240.0,454721820.0,1759171.5,1796.6503,799.61414,9.942928,-44.938744
2015-12-19 09:30:00,207829.92,6834727.0,2763214.8,58274464.0,579891298304.0,458988830.0,1795467.5,1801.894,803.18494,9.15678,-51.867855
2015-12-19 09:40:00,205363.62,6877079.0,2891809.2,59284100.0,633196904448.0,463224830.0,1835329.1,1803.8928,807.2229,8.6016,-58.468925
2015-12-19 09:50:00,202896.36,6909310.0,3033050.5,60358932.0,685799178240.0,467381800.0,1878459.0,1804.0867,811.69916,8.2931795,-64.68109
2015-12-19 10:00:00,200437.97,6931039.0,3186909.2,61490236.0,736098123776.0,471416500.0,1924526.4,1802.8737,816.5806,8.243398,-70.45003
2015-12-19 10:10:00,197997.02,6942069.0,3353223.8,62668976.0,782385872896.0,475291330.0,1973163.0,1800.4884,821.83026,8.459909,-75.728775
2015-12-19 10:20:00,195580.97,6942387.0,3531683.0,63886456.0,822923821056.0,478976450.0,2023982.2,1797.1768,827.40784,8.945919,-80.47848
2015-12-19 10:30:00,193195.94,6932167.0,3721825.2,65134756.0,856886476800.0,482450980.0,2076582.6,1793.3878,833.2708,9.700016,-84.66888
2015-12-19 10:40:00,190846.67,6911765.0,3923018.5,66406770.0,883444613120.0,485704000.0,2130564.2,1789.964,839.37524,10.71616,-88.27875
2015-12-19 10:50:00,188536.61,6881695.5,4134459.2,67696320.0,901603393536.0,488733760.0,2185523.5,1787.6278,845.6763,11.983717,-91.2961
2015-12-19 11:00:00,186267.92,6842634.0,4355177.5,68998760.0,910796128256.0,491549600.0,2241085.0,1786.8379,852.1288,13.487629,-93.7182
2015-12-19 11:10:00,184041.34,6795376.0,4584055.0,70310880.0,910922022912.0,494170080.0,2296896.2,1787.8739,858.6889,15.208658,-95.55155
2015-12-19 11:20:00,181856.33,6740817.5,4819834.0,71630970.0,902382944256.0,496622080.0,2352631.8,1790.631,865.31366,17.123724,-96.81149
2015-12-19 11:30:00,179711.19,6679928.0,5061141.0,72958550.0,886091612160.0,498939700.0,2408002.5,1794.7466,871.9619,19.20632,-97.5219
2015-12-19 11:40:00,177603.14,6613727.0,5306533.0,74294950.0,863406915584.0,501164480.0,2462772.8,1799.7391,878.5955,21.42696,-97.71451
2015-12-19 11:50:00,175528.34,6543247.5,5554506.5,75642280.0,836025778176.0,503340000.0,2516733.8,1805.0392,885.1787,23.753714,-97.4283
2015-12-19 12:00:00,173482.19,6469519.5,5803570.0,77004070.0,805808111616.0,505514780.0,2569731.8,1810.1149,891.67914,26.209326,-97.06005
2015-12-19 12:10:00,171459.11,6393533.0,6052253.0,78384530.0,774604783616.0,507735740.0,2621633.5,1814.535,898.06824,28.597872,-95.97062
2015-12-19 12:20:00,169453.27,6316236.5,6299164.5,79788264.0,744061599744.0,510051070.0,2672364.5,1818.0226,904.32086,30.986698,-94.55107
2015-12-19 12:30:00,167458.1,6238502.5,6543037.0,81220620.0,715522834432.0,512505860.0,2721872.8,1820.4711,910.4162,33.340267,-92.859695
2015-12-19 12:40:00,165467.0,6161122.5,6782740.5,82686720.0,689981882368.0,515141120.0,2770131.8,1821.9249,916.337,35.623425,-90.956985
2015-12-19 12:50:00,163473.23,6084790.5,7017322.5,84191470.0,668050522112.0,517992830.0,2817137.0,1822.5431,922.0704,37.801945,-88.904495
2015-12-19 13:00:00,161470.14,6010111.5,7246036.0,85739740.0,650034085888.0,521092830.0,2862923.8,1822.5544,927.6073,39.84309,-86.76366
2015-12-19 13:10:00,159451.4,5937569.5,7468338.0,87335350.0,635970453504.0,524463650.0,2907516.0,1822.235,932.9427,41.716133,-84.59452
2015-12-19 13:20:00,157411.19,5867552.5,7683907.0,88981656.0,625710006272.0,528121600.0,2950964.0,1822.133,938.07513,43.392838,-82.454666
2015-12-19 13:30:00,155344.25,5800341.5,7892631.0,90680904.0,618949771264.0,532074700.0,2993324.0,1822.6272,943.0069,44.847946,-80.39804
2015-12-19 13:40:00,153246.28,5736111.0,8094631.0,92434740.0,615287422976.0,536323520.0,3034668.8,1823.8528,947.74347,46.05957,-78.473885
2015-12-19 13:50:00,151113.8,5674942.0,8290172.0,94242880.0,614276661248.0,540857660.0,3075052.2,1825.6382,952.2933,47.009586,-76.7258
2015-12-19 14:00:00,148944.53,5616819.5,8479724.0,96104490.0,615447527424.0,545660740.0,3114560.0,1828.0586,956.6675,47.683956,-75.19084
2015-12-19 14:10:00,146737.36,5561642.5,8663882.0,98017144.0,618352541696.0,550706500.0,3153268.5,1831.1178,960.8796,48.072987,-73.89878
2015-12-19 14:20:00,144492.52,5509235.0,8843354.0,99977340.0,622573584384.0,555960450.0,3191254.5,1834.751,964.9446,48.17154,-72.8715
2015-12-19 14:30:00,142211.5,5459348.0,9018907.0,101980010.0,627756040192.0,561380400.0,3228600.8,1838.8497,968.8791,47.97917,-72.12251
2015-12-19 14:40:00,139897.19,5411675.5,9191370.0,104019176.0,633614368768.0,566917300.0,3265399.2,1843.2113,972.7006,47.500225,-71.656624
2015-12-19 14:50:00,137553.8,5365854.5,9361548.0,106087176.0,639928500224.0,572513900.0,3301723.0,1847.5979,976.4268,46.743774,-71.46985
2015-12-19 15:00:00,135186.92,5321493.0,9530239.0,108175830.0,646543900672.0,578109630.0,3337676.5,1851.7498,980.07513,41.287636,-70.81819
2015-12-19 15:10:00,132803.22,5278155.5,9698135.0,110275140.0,653368623104.0,583636500.0,3373331.8,1856.1814,983.6624,40.06178,-70.43056
2015-12-19 15:20:00,130410.53,5235398.0,9865828.0,112374340.0,660345126912.0,589024100.0,3408769.8,1859.8556,987.20404,38.679577,-70.20783
2015-12-19 15:30:00,128017.64,5192760.0,10033778.0,114461900.0,667447590912.0,594198850.0,3444061.5,1862.4658,990.7138,37.165974,-70.11905
2015-12-19 15:40:00,125634.02,5149792.0,10202256.0,116525330.0,674669330432.0,599086660.0,3479271.8,1863.8516,994.20294,35.548244,-70.127144
2015-12-19 15:50:00,123269.98,5106051.5,10371319.0,118551210.0,682008510464.0,603612800.0,3514441.0,1863.9932,997.6802,33.855537,-70.189644
2015-12-19 16:00:00,120936.164,5061126.5,10540794.0,120525790.0,689469652992.0,607704960.0,3549600.8,1862.9675,1001.1509,32.118496,-70.25943
2015-12-19 16:10:00,118643.41,5014639.5,10710243.0,122434720.0,697048432640.0,611293800.0,3584755.8,1860.9366,1004.6171,30.368746,-70.2856
2015-12-19 16:20:00,116402.72,4966255.0,10878953.0,124263576.0,704737050624.0,614314300.0,3619877.0,1858.1199,1008.07733,28.638493,-70.21443
2015-12-19 16:30:00,114225.03,4915697.5,11045917.0,125997864.0,712522465280.0,616708900.0,3654920.8,1854.7506,1011.52576,26.959974,-69.990456
2015-12-19 16:40:00,112120.97,4862750.0,11209830.0,127623200.0,720392617984.0,618426600.0,3689801.0,1851.0944,1014.9528,25.364994,-69.55746
2015-12-19 16:50:00,110100.85,4807264.0,11369072.0,129125290.0,728331124736.0,619425540.0,3724393.2,1847.391,1018.3452,23.884403,-68.85969
2015-12-19 17:00:00,108174.5,4749162.0,11521751.0,130490720.0,736351813632.0,619674560.0,3758542.8,1843.8418,1021.68506,22.547607,-67.84301
2015-12-19 17:10:00,106351.06,4688444.0,11665714.0,131707040.0,744481947648.0,619152300.0,3792052.8,1840.641,1024.9517,21.382072,-66.45595
2015-12-19 17:20:00,104639.17,4625184.0,11798572.0,132762740.0,752774807552.0,617850240.0,3824699.2,1837.93,1028.1201,20.412855,-64.65093
2015-12-19 17:30:00,103046.69,4559528.0,11917734.0,133647170.0,761335054336.0,615769660.0,3856198.5,1835.7987,1031.1628,19.662155,-62.385258
2015-12-19 17:40:00,101580.73,4491692.5,12020502.0,134351890.0,770300706816.0,612924540.0,3886252.2,1834.284,1034.0498,19.148947,-59.62213
2015-12-19 17:50:00,100247.695,4421958.5,12104108.0,134869310.0,779832000512.0,609339400.0,3914512.8,1833.343,1036.7484,18.88864,-56.3315
2015-12-19 18:00:00,99053.28,4350668.0,12165817.0,135194380.0,790118072320.0,605050560.0,3940624.5,1832.8925,1039.225,19.699942,-51.818184
2015-12-19 18:10:00,98002.48,4278204.5,12202994.0,135323180.0,801340325888.0,600102200.0,3964184.5,1832.6643,1041.4445,20.047714,-47.39869
2015-12-19 18:20:00,97099.47,4204999.0,12213207.0,135253950.0,813632389120.0,594547000.0,3984774.5,1832.3667,1043.3722,20.66999,-42.41656
2015-12-19 18:30:00,96348.03,4131508.0,12194325.0,134986860.0,827079262208.0,588446000.0,4001976.8,1831.6334,1044.9729,21.564445,-36.875565
2015-12-19 18:40:00,95751.09,4058208.2,12144599.0,134523540.0,841648308224.0,581863740.0,4015346.2,1829.982,1046.2135,22.724564,-30.788452
2015-12-19 18:50:00,95311.19,3985588.8,12062766.0,133867704.0,857178243072.0,574869250.0,4024445.5,1826.936,1047.0615,24.139734,-24.176933
2015-12-19 19:00:00,95030.23,3914137.5,11948072.0,133024040.0,873357967360.0,567533400.0,4028840.5,1822.0781,1047.4877,25.795435,-17.071564
2015-12-19 19:10:00,94909.63,3844333.2,11800375.0,131998940.0,889726369792.0,559927800.0,4028113.5,1815.0103,1047.4647,27.673502,-9.51139
2015-12-19 19:20:00,94950.43,3776638.2,11620144.0,130799760.0,905682550784.0,552122560.0,4021868.8,1805.4697,1046.9695,29.752413,-1.5435581
2015-12-19 19:30:00,95153.11,3711494.2,11408478.0,129435030.0,920540676096.0,544186400.0,4009748.8,1793.3157,1045.9822,32.007645,6.777277
2015-12-19 19:40:00,95517.8,3649314.2,11167090.0,127913820.0,933574082560.0,536183680.0,3991431.5,1778.4379,1044.4878,34.412014,15.389604
2015-12-19 19:50:00,96044.17,3590478.8,10898255.0,126245750.0,944089661440.0,528174620.0,3966650.5,1760.7495,1042.4751,36.93614,24.225845
2015-12-19 20:00:00,96731.516,3535330.8,10604746.0,124440910.0,951486185472.0,520213920.0,3935189.0,1740.0339,1039.9385,39.54881,33.21327
2015-12-19 20:10:00,97578.62,3484179.2,10289789.0,122510024.0,955293106176.0,512351460.0,3896920.5,1715.765,1036.877,42.217472,42.2749
2015-12-19 20:20:00,98583.92,3437293.8,9956889.0,120463200.0,955202404352.0,504630340.0,3851781.8,1686.89,1033.2946,44.908634,51.330574
2015-12-19 20:30:00,99745.336,3394904.5,9609813.0,118311550.0,951080714240.0,497087650.0,3799799.8,1651.5305,1029.2008,47.588394,60.29811
2015-12-19 20:40:00,101060.35,3357204.2,9252412.0,116065704.0,942999994368.0,489754140.0,3741088.5,1606.8896,1024.6102,50.222855,69.09438
2015-12-19 20:50:00,102525.94,3324351.2,8888551.0,113736570.0,931310338048.0,482655900.0,3675879.0,1549.3356,1019.5423,52.77864,77.63655
2015-12-19 21:00:00,104138.53,3296463.5,8521984.0,111334900.0,916685324288.0,475811420.0,3604465.8,1475.3185,1014.0216,56.631557,85.26102
2015-12-19 21:10:00,105894.09,3273632.0,8156315.5,108872190.0,899995926528.0,469236700.0,3527280.0,1399.3136,1008.0772,58.851604,92.98986
2015-12-19 21:20:00,107787.96,3255908.2,7794861.0,106359480.0,881989844992.0,462940930.0,3444818.5,1359.9015,1001.74304,60.889164,100.23332
2015-12-19 21:30:00,109815.04,3243318.0,7440624.5,103808270.0,863121440768.0,456931200.0,3357686.5,1320.2787,995.0567,62.718605,106.92272
2015-12-19 21:40:00,111969.555,3235854.0,7096270.5,101230450.0,843645517824.0,451210020.0,3266553.5,1280.9437,988.06006,64.3172,112.99553
2015-12-19 21:50:00,114245.29,3233484.2,6764082.0,98638200.0,823777558528.0,445779000.0,3172178.5,1242.3634,980.7983,65.665436,118.396286
2015-12-19 22:00:00,116635.56,3236147.0,6445941.5,96043670.0,805928304640.0,440636930.0,3075359.0,1204.9574,973.31934,66.747345,123.07761
2015-12-19 22:10:00,119133.09,3243753.2,6143377.5,93459710.0,787411763200.0,435781700.0,2976937.8,1169.0808,965.6741,67.55072,127.00081
2015-12-19 22:20:00,121730.31,3256192.0,5857537.0,90899040.0,768645529600.0,431211500.0,2877784.8,1135.0115,957.9149,68.06724,130.13663
2015-12-19 22:30:00,124419.37,3273322.5,5589246.5,88374900.0,750029897728.0,426923600.0,2778763.0,1102.952,950.0957,68.29261,132.46559
2015-12-19 22:40:00,127191.945,3294982.5,5339026.0,85900220.0,731869085696.0,422917280.0,2680738.2,1073.0333,942.27136,68.22658,133.97841
2015-12-19 22:50:00,130039.766,3320980.5,5107123.5,83487910.0,714371170304.0,419191300.0,2584525.8,1056.6233,934.4964,67.8728,134.67601
2015-12-19 23:00:00,132954.33,3351103.2,4893553.5,81150390.0,697618923520.0,415746400.0,2490903.0,1064.8911,926.8248,67.23887,134.56961
2015-12-19 23:10:00,135927.27,3385111.8,4698152.0,78899896.0,681591308288.0,412584900.0,2400589.8,1052.0278,919.3096,66.33601,133.68048
2015-12-19 23:20:00,138950.28,3422742.2,4520570.5,76747510.0,666181107712.0,409709570.0,2314224.5,1023.52576,912.00116,65.17892,132.03963
2015-12-19 23:30:00,142015.34,3463706.8,4360344.5,74703780.0,651232018432.0,407124450.0,2232369.5,986.0387,904.94745,63.78547,129.68736
2015-12-19 23:40:00,145114.62,3507695.2,4216901.0,72777944.0,636584001536.0,404834340.0,2155503.0,945.84094,898.19275,62.17643,126.6726
2015-12-19 23:50:00,148240.84,3554372.2,4089579.0,70977920.0,622111162368.0,402843070.0,2084005.8,923.30505,891.7775,60.37513,123.05232
2015-12-20 00:00:00,134988.73,4390360.0,5611536.0,88950664.0,603624570880.0,505475400.0,2672774.0,916.24,927.28754,58.443024,119.07739
2015-12-20 00:10:00,137711.19,4448634.5,5508855.0,87566904.0,589410729984.0,505428580.0,2613615.2,908.1588,922.7033,56.304005,114.457855
2015-12-20 00:20:00,140434.36,4508271.5,5422410.0,86332440.0,575436357632.0,505725220.0,2561073.0,903.057,918.5453,54.051735,109.44171
2015-12-20 00:30:00,143153.73,4568753.5,5351257.0,85249530.0,561814241280.0,506354530.0,2515287.5,898.4106,914.82886,51.71648,104.10808
2015-12-20 00:40:00,145864.98,4629554.0,5294368.5,84318936.0,548619845632.0,507302940.0,2476327.2,894.2311,911.56384,49.32911,98.53885
2015-12-20 00:50:00,148564.45,4690146.0,5250603.5,83539310.0,535849959424.0,508551170.0,2444168.8,890.5237,908.7528,46.92063,92.81737
2015-12-20 01:00:00,151249.05,4750017.0,5218724.0,82907440.0,523403558912.0,510077380.0,2418731.2,887.2866,906.3924,44.5217,87.02709
2015-12-20 01:10:00,153915.77,4808665.5,5197394.5,82418500.0,511090917376.0,511854300.0,2399863.5,884.5117,904.4729,42.16216,81.250244
2015-12-20 01:20:00,156562.0,4865622.5,5185162.0,82065610.0,498672435200.0,513850140.0,2387347.5,882.1841,902.97784,39.870487,75.56644
2015-12-20 01:30:00,159185.55,4920455.5,5180471.5,81840370.0,485911298048.0,516028930.0,2380903.2,880.283,901.8853,37.673317,70.05138
2015-12-20 01:40:00,161783.92,4972778.5,5181667.5,81732610.0,472620826624.0,518351400.0,2380197.5,878.78156,901.16766,35.59495,64.77552
2015-12-20 01:50:00,164355.0,5022265.5,5187014.5,81731064.0,458706092032.0,520775940.0,2384845.8,877.6477,900.7923,33.656857,59.80287
2015-12-20 02:00:00,166896.47,5068656.5,5194697.5,81822990.0,444185051136.0,523258940.0,2394408.2,876.845,900.72186,31.877232,55.189896
2015-12-20 02:10:00,169405.8,5111762.0,5202855.0,81994570.0,429184909312.0,525755330.0,2408392.0,876.33234,900.9155,30.270576,50.98451
2015-12-20 02:20:00,171880.3,5151480.0,5209619.0,82231460.0,413923213312.0,528222880.0,2426272.0,876.0658,901.3289,28.847336,47.225224
2015-12-20 02:30:00,174316.89,5187786.5,5213145.5,82518620.0,398674329600.0,530618780.0,2447469.0,875.9986,901.9155,27.613623,43.940536
2015-12-20 02:40:00,176712.19,5220749.0,5211668.5,82841140.0,383731269632.0,532905820.0,2471384.8,876.0825,902.62714,26.571007,41.148468
2015-12-20 02:50:00,179062.34,5250520.5,5203532.5,83183720.0,369370300416.0,535049660.0,2497382.8,876.2683,903.4146,25.716385,38.8563
2015-12-20 03:00:00,181362.33,5277329.5,5187269.5,83531620.0,355820961792.0,537020860.0,2524798.0,894.1028,904.2289,17.396086,27.883554
2015-12-20 03:10:00,183608.89,5301511.5,5161620.5,83871280.0,343246536704.0,538798600.0,2552989.5,894.51825,905.0221,17.332703,25.747025
2015-12-20 03:20:00,185796.06,5323447.0,5125594.5,84189464.0,331734646784.0,540367100.0,2581293.8,894.88446,905.7476,17.450603,23.963955
2015-12-20 03:30:00,187918.02,5343594.0,5078514.0,84474510.0,321302003712.0,541716900.0,2609056.8,895.1566,906.3611,17.716099,22.500118
2015-12-20 03:40:00,189968.73,5362460.0,5020020.0,84716024.0,311908171776.0,542847400.0,2635664.0,895.2932,906.8214,18.089813,21.31615
2015-12-20 03:50:00,191941.64,5380600.5,4950097.0,84905270.0,303396257792.0,543763500.0,2660530.8,895.25653,907.09143,18.527592,20.36965
2015-12-20 04:00:00,193829.88,5398601.5,4869076.0,85035420.0,295549927424.0,544477400.0,2683127.5,895.01355,907.138,18.981852,19.61756
2015-12-20 04:10:00,195626.2,5417067.0,4777595.0,85101090.0,288126140416.0,545005800.0,2702977.2,894.53595,906.9335,19.403473,19.018543
2015-12-20 04:20:00,197323.34,5436611.0,4676597.5,85098780.0,280873795584.0,545371400.0,2719681.0,893.80145,906.4552,19.744053,18.53492
2015-12-20 04:30:00,198913.88,5457846.5,4567275.5,85027010.0,273551949824.0,545601500.0,2732924.2,892.7931,905.6863,19.958525,18.134193
2015-12-20 04:40:00,200390.31,5481365.0,4451022.5,84885730.0,265949675520.0,545724540.0,2742465.2,891.5006,904.61615,20.007856,17.789679
2015-12-20 04:50:00,201745.3,5507740.0,4329379.0,84676584.0,257903280128.0,545773300.0,2748166.5,889.92,903.2404,19.861492,17.480175
2015-12-20 05:00:00,202971.7,5537504.5,4203979.0,84402890.0,249312804864.0,545779900.0,2749970.5,888.0537,901.56104,19.499325,17.188858
2015-12-20 05:10:00,204062.81,5571151.0,4076486.0,84069050.0,240151871488.0,545777860.0,2747920.8,893.47284,899.58624,18.912716,16.9011
2015-12-20 05:20:00,205012.27,5609120.5,3948559.0,83681064.0,230474645504.0,545800600.0,2742148.0,911.03937,897.3307,18.104504,16.601982
2015-12-20 05:30:00,205814.31,5651796.5,3821785.2,83245720.0,220414705664.0,545880450.0,2732875.5,920.6434,894.81476,17.088078,16.273941
2015-12-20 05:40:00,206463.88,5699496.5,3697668.0,82771000.0,210177589248.0,546047800.0,2720398.5,917.36487,892.06506,15.885338,15.894604
2015-12-20 05:50:00,206956.81,5752466.0,3577581.2,82265570.0,200027947008.0,546331970.0,2705087.0,897.12085,889.11285,14.524342,15.435841
2015-12-20 06:00:00,207289.77,5810876.0,3462766.0,81738890.0,190273519616.0,546759900.0,2687381.0,900.04767,885.99475,14.230219,19.090187
2015-12-20 06:10:00,207460.36,5874814.5,3354310.0,81200850.0,181245984768.0,547355970.0,2667763.2,908.5957,882.75134,12.799,18.374107
2015-12-20 06:20:00,207467.47,5944283.5,3253160.0,80661830.0,173284589568.0,548142900.0,2646773.0,918.76483,879.4266,11.307571,17.430412
2015-12-20 06:30:00,207310.81,6019191.5,3160112.5,80132420.0,166722994176.0,549139900.0,2624962.8,930.65533,876.0677,9.781305,16.218285
2015-12-20 06:40:00,206991.56,6099355.0,3075834.8,79623240.0,161881096192.0,550364160.0,2602918.8,944.25287,872.7237,8.243263,14.699928
2015-12-20 06:50:00,206512.08,6184494.5,3000880.8,79145080.0,159063949312.0,551830140.0,2581228.2,959.9404,869.4446,6.7142353,12.842964
2015-12-20 07:00:00,205875.69,6274221.0,2935697.8,78708344.0,158565482496.0,553548160.0,2560469.2,977.8807,866.2813,5.2133026,10.622597
2015-12-20 07:10:00,205087.11,6368051.0,2880653.0,78323040.0,160676331520.0,555526460.0,2541211.2,998.20654,863.28406,3.7583408,8.023033
2015-12-20 07:20:00,204152.25,6465395.5,2836045.5,77998664.0,165691916288.0,557768770.0,2523993.2,1021.0095,860.5016,2.36685,5.038624
2015-12-20 07:30:00,203077.9,6565559.0,2802126.5,77744056.0,173918699520.0,560274940.0,2509319.8,1065.0022,857.9811,1.0563965,1.6740837
2015-12-20 07:40:00,201872.03,6667758.5,2779113.2,77567180.0,185674088448.0,563040960.0,2497654.2,1168.5145,855.7663,-0.15480804,-2.0554562
2015-12-20 07:50:00,200543.5,6771108.5,2767193.5,77474504.0,201278685184.0,566056900.0,2489404.0,1270.124,853.8977,-1.2478104,-6.1251564
2015-12-20 08:00:00,199101.86,6874644.0,2766551.0,77471790.0,221000007680.0,569308500.0,2484925.8,1368.603,852.41156,-2.2028236,-10.501398
2015-12-20 08:10:00,197557.31,6977325.5,2777356.5,77562920.0,244549517312.0,572774100.0,2484499.0,1461.8944,851.33923,-2.9995308,-15.142981
2015-12-20 08:20:00,195920.7,7078059.0,2799784.5,77750810.0,272407592959.99997,576428860.0,2488358.0,1547.5896,850.70667,-3.6174278,-20.002502
2015-12-20 08:30:00,194203.08,7175709.0,2833999.8,78036070.0,304586588160.0,580240100.0,2496650.5,1623.0461,850.53436,-4.036396,-25.027851
2015-12-20 08:40:00,192415.77,7269120.5,2880174.5,78418490.0,340981448704.0,584170940.0,2509459.8,1685.3097,850.8366,-4.23744,-30.163803
2015-12-20 08:50:00,190570.17,7357148.0,2938461.5,78895600.0,381405626368.0,588179700.0,2526801.0,1732.8823,851.6217,-4.203289,-35.353363
2015-12-20 09:00:00,188677.45,7438671.5,3009004.2,79463736.0,425620570112.0,592219200.0,2548600.5,1765.8811,852.89154,6.53644,-35.561905
2015-12-20 09:10:00,186748.6,7512640.0,3091911.8,80117690.0,473270386688.0,596243000.0,2574743.5,1786.4548,854.642,6.46702,-41.991688
2015-12-20 09:20:00,184794.11,7578082.0,3187259.0,80851080.0,523756371968.0,600200450.0,2605022.8,1797.7059,856.8629,6.579709,-48.284348
2015-12-20 09:30:00,182823.98,7634143.0,3295059.8,81656350.0,576170557440.0,604043260.0,2639185.0,1802.9196,859.53845,6.8840365,-54.378014
2015-12-20 09:40:00,180847.5,7680108.5,3415262.0,82525450.0,629310488576.0,607725950.0,2676921.5,1804.8129,862.64746,7.386367,-60.21451
2015-12-20 09:50:00,178873.03,7715423.5,3547721.2,83449656.0,681743876096.0,611205900.0,2717866.2,1804.8757,866.1639,8.089777,-65.74009
2015-12-20 10:00:00,176908.25,7739716.0,3692192.8,84420296.0,731873935360.0,614449540.0,2761635.5,1803.5406,870.05756,8.994012,-70.90616
2015-12-20 10:10:00,174959.6,7752796.5,3848319.2,85428950.0,777997778944.0,617428700.0,2807796.5,1801.0413,874.29443,10.0955105,-75.66987
2015-12-20 10:20:00,173032.66,7754679.5,4015610.0,86467740.0,818388664320.0,620125950.0,2855917.2,1797.6128,878.83795,11.38753,-79.994675
2015-12-20 10:30:00,171131.69,7745562.0,4193440.5,87529656.0,852259635200.0,622533700.0,2905549.2,1793.6866,883.64886,12.860321,-83.85071
2015-12-20 10:40:00,169259.95,7725840.0,4381055.0,88609060.0,878812790784.0,624655400.0,2956261.8,1790.1025,888.6869,14.501272,-87.21524
2015-12-20 10:50:00,167419.5,7696070.5,4577546.5,89701224.0,897074790400.0,626504260.0,3007623.0,1787.5837,893.9107,16.295134,-90.07294
2015-12-20 11:00:00,165611.36,7656972.0,4781891.5,90803320.0,906482941952.0,628105300.0,3059244.5,1786.6028,899.2788,18.224209,-92.41606
2015-12-20 11:10:00,163835.17,7609391.5,4992943.5,91913590.0,906920329216.0,629491650.0,3110759.2,1787.457,904.75073,20.268559,-94.24461
2015-12-20 11:20:00,162089.8,7554282.0,5209474.0,93032510.0,898759589888.0,630705860.0,3161846.5,1790.0503,910.28674,22.406187,-95.566284
2015-12-20 11:30:00,160372.95,7492669.5,5430172.5,94161240.0,882867896320.0,631796160.0,3212219.0,1794.0348,915.84906,24.613274,-96.39634
2015-12-20 11:40:00,158681.4,7425631.0,5653699.5,95302670.0,860558655488.0,632816960.0,3261648.8,1798.9279,921.4023,26.864399,-96.75734
2015-12-20 11:50:00,157011.22,7354263.5,5878704.0,96460620.0,833488748544.0,633825150.0,3309942.5,1804.1636,926.91327,29.132801,-96.67862
2015-12-20 12:00:00,155357.61,7279650.0,6103871.0,97639864.0,803489382400.0,634878660.0,3356947.0,1809.2076,932.3523,36.111847,-89.68139
2015-12-20 12:10:00,153715.33,7202852.0,6327954.5,98845790.0,772400545792.0,636035460.0,3402560.2,1813.6117,937.69275,38.846653,-88.88034
2015-12-20 12:20:00,152078.55,7124868.5,6549814.5,100084216.0,741871124480.0,637351700.0,3446722.0,1817.0988,942.91156,41.456345,-87.81764
2015-12-20 12:30:00,150441.31,7046630.0,6768437.0,101360900.0,713261187072.0,638878460.0,3489385.2,1819.5538,947.98926,43.91077,-86.53837
2015-12-20 12:40:00,148797.22,6968978.5,6982975.5,102681430.0,687585427456.0,640661760.0,3530542.2,1821.0125,952.9104,46.181057,-85.09
2015-12-20 12:50:00,147140.19,6892660.5,7192778.0,104051310.0,665475547136.0,642742340.0,3570220.2,1821.63,957.6631,48.240112,-83.52129
2015-12-20 13:00:00,145464.16,6818314.5,7397371.5,105474984.0,647270105088.0,645152100.0,3608451.8,1821.6279,962.2394,50.063087,-81.881096
2015-12-20 13:10:00,143763.36,6746462.5,7596521.5,106956536.0,633012289536.0,647914240.0,3645282.8,1821.2874,966.63525,51.62791,-80.217155
2015-12-20 13:20:00,142032.53,6677521.5,7790176.5,108498690.0,622569324544.0,651045400.0,3680795.0,1821.1332,970.85,52.915745,-78.57502
2015-12-20 13:30:00,140267.16,6611785.0,7978503.5,110103390.0,615649050624.0,654548860.0,3715048.0,1821.559,974.8866,53.911503,-76.996925
2015-12-20 13:40:00,138463.45,6549440.5,8161850.5,111771096.0,611850911744.0,658421300.0,3748138.5,1822.7363,978.7513,54.604294,-75.52078
2015-12-20 13:50:00,136618.55,6490568.0,8340744.5,113501180.0,610740862976.0,662648100.0,3780155.2,1824.4719,982.45294,54.9878,-74.17931
2015-12-20 14:00:00,134730.62,6435140.5,8515873.0,115291820.0,611844489216.0,667205570.0,3811203.2,1826.8442,986.0036,55.06051,-72.9994
2015-12-20 14:10:00,132799.1,6383036.5,8688028.0,117139610.0,614711099392.0,672059200.0,3841383.8,1829.8563,989.41705,54.825985,-72.00132
2015-12-20 14:20:00,130824.47,6334049.0,8858107.0,119040040.0,618922770432.0,677166700.0,3870817.2,1833.4479,992.7092,54.29289,-71.19856
2015-12-20 14:30:00,128808.555,6287889.5,9027064.0,120987176.0,624130195456.0,682476350.0,3899623.0,1837.5189,995.89734,53.474915,-70.59739
2015-12-20 14:40:00,126754.44,6244197.0,9195880.0,122973740.0,630036758528.0,687927900.0,3927918.2,1841.8622,998.99927,52.390663,-70.19688
2015-12-20 14:50:00,124666.43,6202557.0,9365538.0,124991816.0,636427173888.0,693455600.0,3955842.2,1846.248,1002.03375,51.06329,-69.98888
2015-12-20 15:00:00,122550.086,6162499.0,9536965.0,127031610.0,643143958528.0,698986050.0,3983524.8,1850.4128,1005.0189,54.151356,-69.5673
2015-12-20 15:10:00,120411.92,6123518.0,9711024.0,129082776.0,650090840064.0,704441500.0,4011093.8,1854.8315,1007.9723,52.16679,-70.051414
2015-12-20 15:20:00,118259.664,6085088.5,9888464.0,131134130.0,657211392000.0,709740860.0,4038683.0,1858.552,1010.91016,50.02793,-70.65091
2015-12-20 15:30:00,116101.71,6046660.0,10069889.0,133173150.0,664478744576.0,714799550.0,4066403.8,1861.2184,1013.847,47.777233,-71.329865
2015-12-20 15:40:00,113947.3,6007693.0,10255720.0,135186880.0,671883395072.0,719533100.0,4094367.0,1862.6692,1016.795,45.45885,-72.0477
2015-12-20 15:50:00,111806.13,5967657.0,10446187.0,137162030.0,679424163840.0,723858560.0,4122670.2,1862.8759,1019.7637,43.117836,-72.7598
2015-12-20 16:00:00,109688.41,5926047.0,10641267.0,139084340.0,687102951424.0,727694140.0,4151381.8,1861.9099,1022.7592,40.799335,-73.41836
2015-12-20 16:10:00,107604.43,5882396.5,10840665.0,140939440.0,694909009920.0,730962400.0,4180540.8,1859.9309,1025.7847,38.54783,-73.973145
2015-12-20 16:20:00,105564.63,5836291.5,11043829.0,142713220.0,702835785728.0,733593900.0,4210181.5,1857.154,1028.839,36.406467,-74.3723
2015-12-20 16:30:00,103579.305,5787375.0,11249856.0,144390800.0,710856736768.0,735524600.0,4240271.5,1853.8159,1031.9174,34.416386,-74.56337
2015-12-20 16:40:00,101658.47,5735365.0,11457536.0,145958140.0,718957707264.0,736700200.0,4270764.0,1850.1813,1035.011,32.61612,-74.4941
2015-12-20 16:50:00,99811.81,5680058.5,11665335.0,147401630.0,727111041024.0,737077300.0,4301562.0,1846.4872,1038.1069,31.04099,-74.11351
2015-12-20 17:00:00,98048.52,5621333.0,11871364.0,148707860.0,735319621632.0,736622660.0,4332520.0,1842.943,1041.1884,29.72268,-73.37279
2015-12-20 17:10:00,96377.2,5559159.5,12073427.0,149864740.0,743592165376.0,735317500.0,4363468.0,1839.7435,1044.2346,28.688675,-72.22631
2015-12-20 17:20:00,94805.87,5493597.0,12269021.0,150861090.0,751975202816.0,733154050.0,4394172.0,1837.0305,1047.2214,27.96188,-70.63261
2015-12-20 17:30:00,93341.81,5424793.5,12455384.0,151687220.0,760560353280.0,730139300.0,4424372.5,1834.9001,1050.1217,27.560204,-68.555214
2015-12-20 17:40:00,91991.734,5352984.5,12629536.0,152334830.0,769462304768.0,726292800.0,4453763.0,1833.3878,1052.9054,27.496252,-65.9636
2015-12-20 17:50:00,90761.46,5278482.5,12788314.0,152796820.0,778847780864.0,721644500.0,4481980.0,1832.4581,1055.5405,27.777071,-62.83381
2015-12-20 18:00:00,89656.31,5201674.5,12928515.0,153068670.0,788890517504.0,716239040.0,4508653.0,1832.033,1057.9932,29.109802,-59.952312
2015-12-20 18:10:00,88680.8,5123011.5,13046908.0,153146940.0,799772573696.0,710130560.0,4533369.5,1831.852,1060.2286,30.126034,-55.721916
2015-12-20 18:20:00,87838.85,5042996.5,13140403.0,153030880.0,811644223488.0,703381700.0,4555691.5,1831.624,1062.212,31.478342,-50.925423
2015-12-20 18:30:00,87133.76,4962167.0,13206055.0,152720580.0,824594137088.0,696062660.0,4575153.0,1830.9928,1063.9083,33.14946,-45.570618
2015-12-20 18:40:00,86568.26,4881098.5,13241279.0,152218320.0,838613204992.0,688249500.0,4591278.5,1829.4735,1065.2837,35.116547,-39.673634
2015-12-20 18:50:00,86144.58,4800378.0,13243890.0,151528510.0,853565112320.0,680023740.0,4603608.0,1826.5927,1066.3062,37.351593,-33.258858
2015-12-20 19:00:00,85864.35,4720600.0,13212191.0,150656560.0,869168709632.0,671467400.0,4611658.5,1821.9321,1066.9458,39.821865,-26.358648
2015-12-20 19:10:00,85728.83,4642348.5,13145049.0,149608850.0,884987133952.0,662662700.0,4614961.5,1815.089,1067.1755,42.490635,-19.013092
2015-12-20 19:20:00,85738.8,4566195.0,13041990.0,148393460.0,900449566720.0,653691260.0,4613067.0,1805.7983,1066.9716,45.31775,-11.269467
2015-12-20 19:30:00,85894.59,4492686.0,12903203.0,147018930.0,914887737344.0,644631360.0,4605555.0,1793.91,1066.3141,48.260464,-3.1816428
2015-12-20 19:40:00,86196.195,4422338.0,12729586.0,145495020.0,927590711296.0,635558600.0,4592061.5,1779.3209,1065.1876,51.2743,5.1904464
2015-12-20 19:50:00,86643.15,4355630.5,12522682.0,143831650.0,937869246464.0,626542300.0,4572250.5,1761.9434,1063.5809,54.313705,13.781626
2015-12-20 20:00:00,87234.63,4292996.0,12284664.0,142038860.0,945122181120.0,617645250.0,4545841.5,1741.5721,1061.4878,57.33297,22.522224
2015-12-20 20:10:00,87969.38,4234834.5,12018317.0,140127800.0,948875886592.0,608926100.0,4512651.0,1717.7009,1058.9071,60.28689,31.338943
2015-12-20 20:20:00,88845.77,4181486.0,11726830.0,138108180.0,948811661312.0,600432960.0,4472527.5,1689.3105,1055.8425,63.131523,40.15576
2015-12-20 20:30:00,89861.695,4133256.0,11413862.0,135991440.0,944783949824.0,592210800.0,4425458.0,1654.567,1052.3032,65.824814,48.894913
2015-12-20 20:40:00,91014.61,4090396.2,11083280.0,133787816.0,936852455424.0,584294600.0,4371475.5,1610.7231,1048.3033,68.32715,57.477898
2015-12-20 20:50:00,92301.6,4053115.2,10739141.0,131508170.0,925345316864.0,576714700.0,4310753.5,1554.1715,1043.862,70.60189,65.826546
2015-12-20 21:00:00,93719.13,4021577.0,10385535.0,129163090.0,910914420736.0,569493600.0,4243539.0,1481.1614,1039.0033,71.27927,74.861374
2015-12-20 21:10:00,95263.29,3995903.5,10026504.0,126763380.0,894418878464.0,562648770.0,4170192.5,1425.3656,1033.7555,73.04256,82.513565
2015-12-20 21:20:00,96929.555,3976172.5,9665928.0,124319800.0,876609273856.0,556192000.0,4091180.2,1387.0667,1028.152,74.50152,89.70746
2015-12-20 21:30:00,98713.06,3962425.0,9307442.0,121843610.0,857942982656.0,550131000.0,4007062.8,1348.5596,1022.2295,75.63522,96.37692
2015-12-20 21:40:00,100608.3,3954660.8,8954399.0,119345830.0,838669762560.0,544468860.0,3918488.8,1310.3324,1016.0289,76.42723,102.4614
2015-12-20 21:50:00,102609.305,3952844.0,8609800.0,116838230.0,818997559296.0,539206400.0,3826197.5,1272.8447,1009.5944,76.86603,107.90698
2015-12-20 22:00:00,104709.78,3956904.0,8276270.0,114332660.0,801223671808.0,534341250.0,3730984.5,1236.5068,1002.9725,76.945145,112.667114
2015-12-20 22:10:00,106902.8,3966731.0,7956060.0,111841440.0,782891745280.0,529870180.0,3633706.2,1201.6725,996.2126,76.663185,116.70334
2015-12-20 22:20:00,109181.305,3982184.5,7651028.0,109377120.0,764276703232.0,525788320.0,3535252.2,1168.6141,989.36536,76.02385,119.98593
2015-12-20 22:30:00,111537.84,4003086.0,7362648.5,106952410.0,745777856512.0,522090660.0,3436529.0,1137.5338,982.483,75.03592,122.49414
2015-12-20 22:40:00,113964.68,4029224.0,7092068.0,104580264.0,727705649152.0,518772670.0,3338450.0,1108.5613,975.6182,73.71295,124.21668
2015-12-20 22:50:00,116454.07,4060353.2,6840079.5,102273400.0,710264094720.0,515829250.0,3241894.5,1081.7606,968.8233,72.07304,125.15173
2015-12-20 23:00:00,118998.1,4096194.8,6607215.0,100044750.0,693544419328.0,513257380.0,3147731.0,1069.7291,962.15,70.13848,125.30694
2015-12-20 23:10:00,121589.02,4136433.8,6393727.5,97906590.0,677525127168.0,511053540.0,3056752.2,1058.004,955.6487,67.935265,124.6994
2015-12-20 23:20:00,124219.164,4180723.0,6199639.0,95870510.0,662109028352.0,509215140.0,2969699.0,1030.2988,949.3674,65.4925,123.35527
2015-12-20 23:30:00,126881.09,4228685.5,6024786.0,93947530.0,647144996864.0,507739900.0,2887233.2,995.8889,943.3511,62.841995,121.30945
2015-12-20 23:40:00,129567.76,4279909.5,5868828.5,92147624.0,632478892032.0,506627040.0,2809945.8,979.38226,937.6414,60.017483,118.6051
2015-12-20 23:50:00,132272.39,4333955.0,5731285.5,90479620.0,617990520832.0,505873100.0,2738322.0,964.6483,932.27606,57.05419,115.29307
2015-12-21 00:00:00,137310.27,4050888.8,5046819.0,82847870.0,599514480640.0,469940500.0,2483002.5,953.3773,917.6968,53.635414,110.94673
2015-12-21 00:10:00,140062.08,4105793.0,4942917.0,81388820.0,585309552640.0,469420580.0,2422097.2,948.60986,912.69165,50.38058,106.63757
2015-12-21 00:20:00,142816.61,4162133.2,4854727.0,80076950.0,571364737024.0,469230140.0,2367699.2,944.27795,908.1163,47.10054,101.908676
2015-12-21 00:30:00,145569.38,4219441.0,4781297.5,78914600.0,557796360192.0,469360860.0,2319913.8,940.398,903.98706,43.83211,96.83267
2015-12-21 00:40:00,148316.2,4277242.0,4721618.0,77902610.0,544687489024.0,469803360.0,2278795.8,936.97986,900.31476,40.611,91.485115
2015-12-21 00:50:00,151053.48,4335057.0,4674577.5,77039290.0,532039630847.99994,470541440.0,2244296.2,934.0268,897.10315,37.47155,85.94337
2015-12-21 01:00:00,153778.14,4392423.0,4639014.5,76322010.0,519755268096.0,471557860.0,2216330.0,931.5357,894.3494,34.446404,80.28513
2015-12-21 01:10:00,156487.23,4448880.0,4613668.5,75745900.0,507646115840.0,472828380.0,2194725.0,929.49677,892.04474,31.56614,74.58717
2015-12-21 01:20:00,159178.19,4503999.0,4597201.5,75304410.0,495471951872.0,474325300.0,2179261.0,927.8938,890.17334,28.859064,68.92377
2015-12-21 01:30:00,161848.77,4557380.0,4588184.0,74989450.0,482989178880.0,476016670.0,2169659.5,926.7047,888.7138,26.350826,63.365425
2015-12-21 01:40:00,164496.52,4608663.0,4585118.0,74791480.0,470003253248.0,477866780.0,2165593.0,925.90155,887.6391,24.064081,57.977287
2015-12-21 01:50:00,167119.28,4657540.5,4586418.5,74699464.0,456407613440.0,479837540.0,2166686.0,925.4514,886.9167,22.018175,52.817978
2015-12-21 02:00:00,169714.56,4703761.0,4590455.5,74701470.0,442207076352.0,481887740.0,2172511.5,925.3168,886.50995,20.228722,47.93829
2015-12-21 02:10:00,172279.83,4747140.0,4595548.0,74784190.0,427515248640.0,483976000.0,2182603.2,925.45593,886.37787,18.707172,43.38018
2015-12-21 02:20:00,174812.28,4787566.0,4600013.0,74933990.0,412536799232.0,486061220.0,2196454.0,925.8241,886.4765,17.46037,39.175854
2015-12-21 02:30:00,177308.7,4825001.0,4602187.5,75136410.0,397534887936.0,488103000.0,2213519.0,926.3741,886.7592,16.490032,35.34708
2015-12-21 02:40:00,179765.56,4859487.0,4600466.5,75376970.0,382794203136.0,490064160.0,2233225.2,927.0569,887.17804,15.792393,31.905079
2015-12-21 02:50:00,182178.78,4891145.0,4593361.5,75641190.0,368585048064.0,491910880.0,2254970.0,927.82294,887.68384,15.357597,28.850288
2015-12-21 03:00:00,184543.2,4920167.0,4579529.5,75914810.0,355134242816.0,493614050.0,2278133.0,923.7413,888.2273,16.886738,28.204845
2015-12-21 03:10:00,186855.4,4946845.0,4557811.5,76184630.0,342604906496.0,495151230.0,2302105.0,924.4757,888.76074,16.820448,26.06988
2015-12-21 03:20:00,189109.11,4971510.0,4527290.0,76437700.0,331086921728.0,496504450.0,2326253.0,925.14886,889.2372,16.939545,24.28811
2015-12-21 03:30:00,191298.34,4994565.5,4487309.5,76662470.0,320600276992.0,497662460.0,2349964.5,925.71594,889.61255,17.21022,22.825392
2015-12-21 03:40:00,193416.77,5016465.0,4437519.0,76849000.0,311112171520.0,498621150.0,2372651.5,926.1352,889.8457,17.592909,21.642368
2015-12-21 03:50:00,195457.58,5037708.5,4377849.5,76988400.0,302477148160.0,499383360.0,2393771.5,926.36865,889.89923,18.04322,20.696701
2015-12-21 04:00:00,197413.53,5058823.5,4308546.5,77073656.0,294486966272.0,499956130.0,2412811.8,926.3829,889.7405,18.513285,19.94536
2015-12-21 04:10:00,199277.23,5080360.0,4230141.5,77099384.0,286906712064.0,500354100.0,2429332.0,926.14954,889.3415,18.953636,19.347012
2015-12-21 04:20:00,201040.95,5102880.0,4143430.0,77062010.0,279492788224.0,500595520.0,2442953.5,925.6456,888.67993,19.315475,18.863976
2015-12-21 04:30:00,202696.9,5126940.0,4049433.5,76959520.0,272011771904.00003,500702800.0,2453373.8,924.8542,887.7392,19.553324,18.46373
2015-12-21 04:40:00,204237.28,5153086.5,3949360.5,76791730.0,264259076095.99997,500701950.0,2460370.8,923.76434,886.509,19.627682,18.119534
2015-12-21 04:50:00,205654.36,5181848.0,3844556.2,76559990.0,256076414976.0,500621340.0,2463816.8,922.3715,884.9851,19.507488,17.810108
2015-12-21 05:00:00,206940.58,5213718.5,3736457.5,76267340.0,247367942144.0,500490560.0,2463664.0,920.6778,883.17004,19.172153,17.518559
2015-12-21 05:10:00,208088.81,5249155.5,3626531.2,75917900.0,238110343168.0,500340580.0,2459962.0,918.69165,881.0725,18.61248,17.230125
2015-12-21 05:20:00,209092.25,5288569.5,3516242.5,75517280.0,228358897664.0,500201900.0,2452839.0,916.4277,878.7076,17.830816,16.92979
2015-12-21 05:30:00,209944.73,5332318.0,3407010.2,75072220.0,218246873088.0,500105400.0,2442516.2,922.36487,876.09644,16.839993,16.599869
2015-12-21 05:40:00,210640.81,5380698.5,3300174.0,74590430.0,207978233856.0,500080740.0,2429287.2,919.86835,873.26587,15.661392,16.217854
2015-12-21 05:50:00,211175.78,5433942.0,3196976.2,74080590.0,197814829056.0,500156500.0,2413512.8,914.0775,870.2483,14.322592,15.755489
2015-12-21 06:00:00,211545.84,5492210.5,3098532.8,73551860.0,188060663808.0,500360160.0,2395621.8,910.77167,867.0806,16.986395,29.807957
2015-12-21 06:10:00,211748.34,5555586.0,3005840.0,73014110.0,179042893824.0,500716580.0,2376084.5,919.17615,863.80414,15.942671,29.107204
2015-12-21 06:20:00,211781.56,5624074.0,2919768.5,72477780.0,171096047616.0,501249950.0,2355418.2,929.17487,860.4637,14.841003,28.09512
2015-12-21 06:30:00,211645.1,5697592.0,2841064.2,71953420.0,164549017600.0,501982530.0,2334169.2,940.94653,857.1069,13.696123,26.734043
2015-12-21 06:40:00,211339.56,5775967.0,2770366.2,71451830.0,159717163008.0,502933540.0,2312893.2,954.325,853.7833,12.521469,24.990828
2015-12-21 06:50:00,210867.05,5858935.0,2708207.2,70983704.0,156901523456.0,504120260.0,2292156.5,969.7652,850.5438,11.3295765,22.838837
2015-12-21 07:00:00,210230.73,5946136.0,2655044.2,70559560.0,156392505344.0,505558240.0,2272521.8,987.43115,847.4396,10.132603,20.259523
2015-12-21 07:10:00,209435.12,6037114.5,2611260.8,70189630.0,158478008320.0,507258700.0,2254528.0,1007.4547,844.52136,8.942926,17.24363
2015-12-21 07:20:00,208485.88,6131309.5,2577185.2,69883290.0,163451633664.0,509230000.0,2238691.8,1029.93,841.8384,7.773733,13.7919235
2015-12-21 07:30:00,207389.81,6228075.5,2553117.2,69649660.0,171618746368.0,511477500.0,2225499.8,1061.1754,839.43787,6.6394234,9.915333
2015-12-21 07:40:00,206154.86,6326659.5,2539323.0,69496520.0,183296671744.0,514000860.0,2215389.0,1164.7571,837.3641,5.5558434,5.634775
2015-12-21 07:50:00,204789.94,6426231.0,2536063.8,69430910.0,198806765568.0,516795740.0,2208752.8,1266.5269,835.6575,4.5403957,0.98057556
2015-12-21 08:00:00,203304.62,6525868.0,2543589.2,69458320.0,218441744384.0,519851680.0,2205923.8,1365.2444,834.3543,3.6117935,-4.0085564
2015-12-21 08:10:00,201709.47,6624587.5,2562156.8,69583080.0,241884020736.0,523153300.0,2207186.0,1458.8606,833.48596,2.7898464,-9.286516
2015-12-21 08:20:00,200015.45,6721341.0,2592026.2,69807990.0,269630013440.0,526677730.0,2212747.5,1545.0251,833.07825,2.0948658,-14.801252
2015-12-21 08:30:00,198234.02,6815045.5,2633460.2,70134080.0,301695238144.0,530396700.0,2222757.8,1621.0848,833.1512,1.5472107,-20.496002
2015-12-21 08:40:00,196376.77,6904596.5,2686731.2,70561020.0,337975574528.0,534276060.0,2237297.8,1684.0686,833.7188,1.1665239,-26.31085
2015-12-21 08:50:00,194455.58,6988895.5,2752099.8,71086670.0,378280640512.0,538276160.0,2256381.2,1732.3867,834.78876,0.9710865,-32.18408
2015-12-21 09:00:00,192482.1,7066868.5,2829820.8,71707500.0,422366052352.0,542353150.0,2279955.5,1765.7218,836.3624,9.842135,-33.54968
2015-12-21 09:10:00,190467.86,7137499.0,2920117.2,72418350.0,469873491968.0,546458700.0,2307894.8,1786.887,838.4349,9.456402,-40.492695
2015-12-21 09:20:00,188423.92,7199858.0,3023183.0,73212900.0,520206516224.0,550544500.0,2340018.5,1798.5421,840.99493,9.227743,-47.287292
2015-12-21 09:30:00,186360.8,7253119.5,3139144.8,74083540.0,572459778048.0,554559900.0,2376073.8,1803.9967,844.0257,9.169217,-53.867443
2015-12-21 09:40:00,184288.45,7296592.5,3268062.2,75022056.0,625434296320.0,558458200.0,2415768.0,1806.0233,847.5049,9.291126,-60.17084
2015-12-21 09:50:00,182215.83,7329739.0,3409901.0,76019624.0,677699256320.0,562194800.0,2458749.0,1806.1692,851.4053,9.600849,-66.1398
2015-12-21 10:00:00,180151.19,7352201.5,3564517.8,77067370.0,727660691456.0,565732160.0,2504637.0,1804.904,855.6952,10.102733,-71.72207
2015-12-21 10:10:00,178101.8,7363798.0,3731643.2,78156470.0,773621940224.0,569039040.0,2553015.8,1802.4757,860.33923,10.798021,-76.87152
2015-12-21 10:20:00,176073.72,7364535.5,3910858.8,79278590.0,813865828352.0,572093760.0,2603454.8,1799.1003,865.29926,11.684871,-81.54879
2015-12-21 10:30:00,174071.86,7354611.5,4101598.8,80426296.0,847645769728.0,574883800.0,2655514.0,1795.1976,870.5345,12.758359,-85.72178
2015-12-21 10:40:00,172100.11,7334405.0,4303137.0,81593230.0,874191388672.0,577407900.0,2708760.0,1791.605,876.0032,14.010555,-89.36613
2015-12-21 10:50:00,170161.11,7304457.5,4514584.5,82774264.0,892552282112.0,579674430.0,2762768.5,1789.0479,881.6623,15.43058,-92.46547
2015-12-21 11:00:00,168256.31,7265464.5,4734902.0,83965930.0,902170017792.0,581703400.0,2817148.0,1788.0116,887.46906,17.004707,-95.01171
2015-12-21 11:10:00,166386.02,7218245.5,4962902.5,85166024.0,902914310144.0,583523600.0,2871532.2,1788.8071,893.3813,18.716469,-97.00504
2015-12-21 11:20:00,164549.47,7163719.5,5197285.5,86374110.0,895126798336.0,585172000.0,2925592.0,1791.3573,899.3581,20.546812,-98.453926
2015-12-21 11:30:00,162744.84,7102880.0,5436649.0,87591110.0,879632056320.0,586692300.0,2979039.0,1795.3168,905.3603,22.474277,-99.37484
2015-12-21 11:40:00,160969.3,7036770.0,5679535.0,88819420.0,857699516416.0,588135400.0,3031642.2,1800.2184,911.3514,24.475239,-99.79191
2015-12-21 11:50:00,159219.28,6966443.5,5924446.0,90062310.0,830941954048.0,589553700.0,3083198.8,1805.4877,917.29724,26.524189,-99.73637
2015-12-21 12:00:00,157490.22,6892949.0,6169916.5,91324430.0,801168818176.0,591002050.0,3133558.8,1810.57,923.167,26.911362,-100.49724
2015-12-21 12:10:00,155777.31,6817307.5,6414520.0,92610750.0,770200764416.0,592535500.0,3182613.0,1815.0621,928.93317,28.924088,-99.56824
2015-12-21 12:20:00,154074.81,6740479.0,6656931.5,93926790.0,739687792640.0,594206660.0,3230286.8,1818.6467,934.57214,30.921652,-98.28398
2015-12-21 12:30:00,152376.9,6663362.5,6895956.5,95278440.0,711014285312.0,596065860.0,3276544.0,1821.1982,940.0636,32.874096,-96.69817
2015-12-21 12:40:00,150677.53,6586763.5,7130562.5,96671040.0,685208043520.0,598157630.0,3321371.5,1822.7477,945.39154,34.751682,-94.86694
2015-12-21 12:50:00,148970.5,6511400.0,7359920.0,98110216.0,662926786560.0,600520960.0,3364785.2,1823.4459,950.5438,36.525467,-92.84773
2015-12-21 13:00:00,147249.84,6437882.5,7583390.5,99600530.0,644529979392.0,603187300.0,3406815.2,1823.5087,955.51184,38.167866,-90.69806
2015-12-21 13:10:00,145509.75,6366714.0,7800587.0,101146080.0,630080012288.0,606180600.0,3447509.0,1823.2163,960.2912,39.653206,-88.47434
2015-12-21 13:20:00,143744.95,6298289.0,8011321.0,102749860.0,619460755456.0,609516540.0,3486931.8,1823.0786,964.8811,40.958237,-86.23079
2015-12-21 13:30:00,141950.83,6232892.5,8215641.5,104413860.0,612377821184.0,613200260.0,3525141.2,1823.4944,969.284,42.06258,-84.01828
2015-12-21 13:40:00,140123.39,6170703.5,8413810.0,106138980.0,608449200128.0,617230100.0,3562232.5,1824.6812,973.50586,42.949154,-81.88343
2015-12-21 13:50:00,138259.62,6111794.5,8606263.0,107924590.0,607237111808.0,621591550.0,3598270.8,1826.4172,977.55554,43.604492,-79.8676
2015-12-21 14:00:00,136357.4,6056144.5,8793640.0,109769340.0,608276512768.0,626263800.0,3633359.5,1828.7864,981.4446,44.018997,-78.00623
2015-12-21 14:10:00,134415.88,6003642.0,8976688.0,111669820.0,611107209216.0,631215100.0,3667589.5,1831.7933,985.1867,44.18714,-76.32811
2015-12-21 14:20:00,132435.23,5954090.0,9156274.0,113621860.0,615315537920.0,636405250.0,3701062.0,1835.3839,988.79755,44.10755,-74.8549
2015-12-21 14:30:00,130416.98,5907219.0,9333338.0,115619690.0,620547670016.0,641785150.0,3733882.8,1839.4557,992.2939,43.78303,-73.60071
2015-12-21 14:40:00,128363.805,5862689.0,9508854.0,117656380.0,626506465280.0,647298600.0,3766158.5,1843.8115,995.6938,43.22051,-72.571945
2015-12-21 14:50:00,126279.586,5820112.0,9683785.0,119723544.0,632972902400.0,652881540.0,3798003.5,1848.217,999.0153,42.43093,-71.767136
2015-12-21 15:00:00,124169.516,5779048.0,9859073.0,121811940.0,639791136768.0,658464200.0,3829524.2,1852.4425,1002.27637,42.31749,-71.42297
2015-12-21 15:10:00,122039.766,5739028.0,10035560.0,123910940.0,646861684736.0,663972000.0,3860837.0,1856.86,1005.4942,41.132233,-71.206436
2015-12-21 15:20:00,119897.625,5699560.0,10213999.0,126009540.0,654125629440.0,669327100.0,3892054.8,1860.6362,1008.6847,39.755695,-71.17922
2015-12-21 15:30:00,117751.13,5660136.0,10394956.0,128094856.0,661555773440.0,674448000.0,3923271.5,1863.3668,1011.8621,38.212452,-71.30865
2015-12-21 15:40:00,115609.13,5620252.0,10578846.0,130154080.0,669142089728.0,679252700.0,3954571.5,1864.8821,1015.03827,36.53004,-71.555435
2015-12-21 15:50:00,113481.086,5579421.5,10765845.0,132173410.0,676883267584.0,683661600.0,3986043.2,1865.1497,1018.22217,34.738583,-71.874405
2015-12-21 16:00:00,111376.86,5537177.0,10955888.0,134138640.0,684773670912.0,687594800.0,4017732.0,1864.238,1021.41986,32.870293,-72.21536
2015-12-21 16:10:00,109306.48,5493092.0,11148629.0,136035060.0,692809236480.0,690977800.0,4049663.8,1862.2982,1024.6339,30.959017,-72.523994
2015-12-21 16:20:00,107280.2,5446786.5,11343427.0,137848080.0,700968140800.0,693742100.0,4081845.0,1859.55,1027.8625,29.039701,-72.74292
2015-12-21 16:30:00,105308.12,5397938.5,11539312.0,139562800.0,709225218048.0,695825100.0,4114239.2,1856.2267,1031.101,27.147827,-72.81278
2015-12-21 16:40:00,103400.086,5346294.0,11735006.0,141165060.0,717555433472.0,697175100.0,4146793.5,1852.5883,1034.34,25.318865,-72.673416
2015-12-21 16:50:00,101565.734,5291672.0,11928863.0,142640420.0,725922086912.0,697747840.0,4179385.8,1848.8787,1037.5659,23.587679,-72.26504
2015-12-21 17:00:00,99814.18,5233971.0,12118932.0,143975780.0,734314889216.0,697512200.0,4211878.5,1845.3044,1040.7618,21.987963,-71.52945
2015-12-21 17:10:00,98154.0,5173170.0,12302946.0,145158620.0,742733709312.0,696448060.0,4244082.5,1842.0647,1043.9066,20.551668,-70.41123
2015-12-21 17:20:00,96593.15,5109334.5,12478336.0,146177800.0,751208759296.0,694547840.0,4275766.5,1839.301,1046.976,19.308485,-68.85892
2015-12-21 17:30:00,95139.06,5042610.0,12642304.0,147023170.0,759819862016.0,691817200.0,4306662.0,1837.1125,1049.942,18.28531,-66.82608
2015-12-21 17:40:00,93798.34,4973221.0,12791842.0,147686350.0,768667942912.0,688274050.0,4336462.0,1835.5404,1052.775,17.505829,-64.272354
2015-12-21 17:50:00,92577.02,4901467.0,12923839.0,148160690.0,777903800320.0,683948540.0,4364818.0,1834.5494,1055.4423,16.990074,-61.164406
2015-12-21 18:00:00,91480.414,4827711.0,13035133.0,148441200.0,787706675200.0,678881660.0,4391352.5,1834.0182,1057.9099,16.147268,-65.09517
2015-12-21 18:10:00,90513.09,4752373.5,13122601.0,148524670.0,798253907968.0,673125300.0,4415659.0,1833.7751,1060.1432,16.073954,-60.978554
2015-12-21 18:20:00,89679.164,4675923.5,13183289.0,148410030.0,809700884480.0,666739650.0,4437306.0,1833.4979,1062.1068,16.329784,-56.210438
2015-12-21 18:30:00,88981.95,4598865.5,13214470.0,148097870.0,822152986624.0,659792500.0,4455843.0,1832.8289,1063.7657,16.91933,-50.790848
2015-12-21 18:40:00,88424.31,4521729.5,13213807.0,147590660.0,835617226752.0,652356860.0,4470809.0,1831.2893,1065.0865,17.84201,-44.72997
2015-12-21 18:50:00,88008.49,4445055.0,13179379.0,146892240.0,849986519040.0,644509630.0,4481738.0,1828.4022,1066.037,19.09207,-38.04821
2015-12-21 19:00:00,87736.31,4369391.0,13109840.0,146008290.0,865005010944.0,636329700.0,4488164.0,1823.7487,1066.587,20.658632,-30.776165
2015-12-21 19:10:00,87609.0,4295277.5,13004418.0,144945470.0,880268214272.0,627896900.0,4489642.5,1816.9219,1066.71,22.525866,-22.954308
2015-12-21 19:20:00,87627.45,4223237.5,12863053.0,143712180.0,895230410752.0,619289150.0,4485745.0,1807.6459,1066.3821,24.673187,-14.632605
2015-12-21 19:30:00,87792.04,4153769.5,12686321.0,142316800.0,909243318272.0,610581400.0,4476067.0,1795.7683,1065.5837,27.075563,-5.869923
2015-12-21 19:40:00,88102.805,4087347.8,12475520.0,140769020.0,921610944512.0,601845600.0,4460250.5,1781.1809,1064.2996,29.703892,3.266746
2015-12-21 19:50:00,88559.28,4024407.0,12232592.0,139079000.0,931650535424.0,593148200.0,4437982.0,1763.7972,1062.5187,32.525433,12.703147
2015-12-21 20:00:00,89160.67,3965343.2,11960081.0,137256980.0,938759421952.0,584549440.0,4409015.0,1743.4202,1060.2351,35.504333,22.35881
2015-12-21 20:10:00,89905.75,3910515.8,11661095.0,135313660.0,942459191296.0,576104300.0,4373162.0,1719.5637,1057.4478,38.602142,32.148174
2015-12-21 20:20:00,90792.87,3860237.0,11339130.0,133259600.0,942422032384.0,567860400.0,4330328.0,1691.2424,1054.161,41.77847,41.98184
2015-12-21 20:30:00,91819.95,3814778.2,10998045.0,131105600.0,938490986496.0,559858400.0,4280489.0,1656.6677,1050.3839,44.991558,51.767853
2015-12-21 20:40:00,92984.44,3774368.8,10641907.0,128862520.0,930709438464.0,552133000.0,4223724.5,1613.136,1046.1309,48.199,61.413113
2015-12-21 20:50:00,94283.34,3739195.2,10274862.0,126540936.0,919387242496.0,544711740.0,4160210.5,1557.0824,1041.4216,51.35836,70.82473
2015-12-21 21:00:00,95713.24,3709403.0,9901045.0,124151500.0,905152954368.0,537616100.0,4090219.5,1484.6475,1036.2802,53.361378,85.73586
2015-12-21 21:10:00,97270.15,3685101.5,9524482.0,121705300.0,888853757952.0,530862430.0,4014139.0,1400.5162,1030.7356,55.893497,93.72172
2015-12-21 21:20:00,98949.57,3666358.2,9148974.0,119213110.0,871242334208.0,524461700.0,3932448.2,1361.0446,1024.8215,58.266575,101.21657
2015-12-21 21:30:00,100746.57,3653208.0,8778040.0,116686160.0,852779139072.0,518420450.0,3845722.5,1321.3093,1018.57526,60.45064,108.14884
2015-12-21 21:40:00,102655.76,3645648.5,8414863.0,114135870.0,833707966464.0,512741660.0,3754628.0,1281.8135,1012.03815,62.418415,114.45332
2015-12-21 21:50:00,104671.12,3643647.0,8062240.0,111573870.0,814231191552.0,507425760.0,3659911.2,1243.0275,1005.2548,64.145676,120.07216
2015-12-21 22:00:00,106786.43,3647136.8,7722576.0,109012296.0,796533587968.0,502470700.0,3562383.8,1205.3783,998.2726,65.61164,124.95583
2015-12-21 22:10:00,108994.84,3656018.2,7397878.5,106463420.0,778383261696.0,497873120.0,3462903.8,1169.2292,991.1415,66.7993,129.0639
2015-12-21 22:20:00,111289.31,3670163.5,7089754.0,103940200.0,759921770496.0,493628930.0,3362367.5,1134.866,983.9132,67.69561,132.36568
2015-12-21 22:30:00,113662.46,3689410.8,6799422.5,101454910.0,741540298752.0,489733000.0,3261666.8,1102.501,976.64044,68.29165,134.84067
2015-12-21 22:40:00,116106.62,3713569.0,6527783.0,99020900.0,723553157120.0,486181920.0,3161716.5,1072.2719,969.3771,68.582756,136.47894
2015-12-21 22:50:00,118614.23,3742420.2,6275414.5,96651160.0,706167504896.0,482972580.0,3063399.8,1055.4872,962.1765,68.56853,137.2813
2015-12-21 23:00:00,121177.49,3775709.5,6042600.5,94358104.0,689477255168.0,480101400.0,2967541.0,1065.9811,955.0915,68.25274,137.25911
2015-12-21 23:10:00,123788.61,3813156.2,5829408.0,92154280.0,673469366272.0,477567330.0,2874939.2,1054.9827,948.17346,67.64332,136.43434
2015-12-21 23:20:00,126440.25,3854449.2,5635676.0,90051170.0,658047959040.0,475369600.0,2786305.2,1027.6936,941.4715,66.75215,134.83908
2015-12-21 23:30:00,129124.97,3899250.0,5461086.0,88059790.0,643069247488.0,473507840.0,2702281.0,990.75415,935.03217,65.59481,132.51497
2015-12-21 23:40:00,131835.84,3947189.0,5305156.5,86189810.0,628386955264.0,471982500.0,2623426.0,950.54675,928.89825,64.19039,129.51276
2015-12-21 23:50:00,134566.3,3997874.8,5167303.5,84450184.0,613884755968.0,470793730.0,2550208.2,923.6083,923.1085,62.561127,125.89138
2015-12-22 00:00:00,140394.77,3584085.2,4348932.0,74874580.0,595397509120.0,420137100.0,2233504.5,913.6668,904.6366,61.49096,122.49004
2015-12-22 00:10:00,143179.34,3634251.5,4244625.5,73322650.0,581204443136.0,419025730.0,2170624.0,903.77606,899.0193,59.45943,117.8478
2015-12-22 00:20:00,145969.69,3685931.2,4155324.0,71915240.0,567290363904.0,418219650.0,2114090.8,898.50024,893.8366,57.275944,112.79773
2015-12-22 00:30:00,148761.48,3738729.0,4080062.8,70654680.0,553779003392.0,417716130.0,2063990.1,893.68243,889.10675,54.9725,107.42236
2015-12-22 00:40:00,151550.67,3792234.8,4017829.2,69541320.0,540757000191.99994,417508770.0,2020330.4,889.33484,884.8419,52.582207,101.807
2015-12-22 00:50:00,154333.9,3846044.8,3967569.8,68573976.0,528232153088.0,417587600.0,1983051.5,885.46265,881.04736,50.138706,96.03834
2015-12-22 01:00:00,157108.14,3899752.5,3928182.8,67749656.0,516110221312.0,417938240.0,1952025.1,882.0648,877.7214,47.67562,90.2031
2015-12-22 01:10:00,159870.44,3952963.0,3898509.5,67063676.0,504205672448.0,418542600.0,1927076.1,879.1332,874.85626,45.22597,84.38676
2015-12-22 01:20:00,162618.4,4005299.8,3877344.5,66510004.0,492275040256.0,419378400.0,1907975.9,876.6531,872.43744,42.821587,78.672005
2015-12-22 01:30:00,165349.72,4056411.0,3863411.8,66080856.0,480070369280.0,420418460.0,1894442.1,874.6038,870.444,40.492527,73.13762
2015-12-22 01:40:00,168061.97,4105971.0,3855389.2,65767200.0,467387613184.0,421631700.0,1886148.4,872.9587,868.8497,38.26657,67.85706
2015-12-22 01:50:00,170752.88,4153701.8,3851893.0,65558736.0,454109790208.0,422985020.0,1882733.9,871.68567,867.62286,36.1687,62.89737
2015-12-22 02:00:00,173419.88,4199371.0,3851504.2,65444076.0,440228085760.0,424442000.0,1883793.6,870.74817,866.7268,34.220634,58.318066
2015-12-22 02:10:00,176060.34,4242796.0,3852768.2,65411052.0,425843032064.0,425965020.0,1888887.2,870.10535,866.1213,32.440453,54.170197
2015-12-22 02:20:00,178671.3,4283858.5,3854222.2,65446464.0,411146649600.0,427515550.0,1897534.8,869.7129,865.76215,30.842274,50.495537
2015-12-22 02:30:00,181249.39,4322505.0,3854434.2,65537092.0,396391022592.0,429057100.0,1909239.6,869.52423,865.60345,29.436033,47.325943
2015-12-22 02:40:00,183790.72,4358746.5,3852009.8,65669076.0,381852385280.0,430553280.0,1923462.1,869.4907,865.5967,28.22732,44.68287
2015-12-22 02:50:00,186291.16,4392664.5,3845650.2,65828820.0,367795208192.0,431971780.0,1939654.2,869.5631,865.6931,27.21737,42.57711
2015-12-22 03:00:00,188745.11,4424399.5,3834181.5,66002856.0,354443427840.0,433283300.0,1957242.8,864.6114,865.8433,26.463572,41.45292
2015-12-22 03:10:00,191149.0,4454186.5,3816576.5,66178350.0,341960130560.0,434464450.0,1975662.2,864.69775,865.9993,25.855776,40.426598
2015-12-22 03:20:00,193496.17,4482291.5,3792021.5,66343290.0,330437459968.0,435495700.0,1994337.5,864.74677,866.1144,25.448689,39.91904
2015-12-22 03:30:00,195780.23,4509045.0,3759905.2,66486260.0,319898451968.0,436363520.0,2012705.9,864.7136,866.1441,25.22979,39.900616
2015-12-22 03:40:00,197994.61,4534830.5,3719883.5,66597732.0,310316990464.0,437060400.0,2030228.8,864.557,866.04755,25.183414,40.332375
2015-12-22 03:50:00,200132.0,4560068.0,3671848.2,66668900.0,301559808000.0,437585020.0,2046404.1,864.2396,865.78723,25.291203,41.16682
2015-12-22 04:00:00,202184.72,4585208.0,3615955.5,66692788.0,293426888704.0,437940700.0,2060767.8,863.72845,865.33057,25.532612,42.348858
2015-12-22 04:10:00,204144.98,4610725.0,3552611.0,66663880.0,285691150336.0,438136640.0,2072910.5,862.99567,864.6497,25.885405,43.816868
2015-12-22 04:20:00,206004.6,4637105.5,3482444.2,66578492.0,278116958208.0,438186850.0,2082493.1,862.01904,863.72266,26.32618,45.503872
2015-12-22 04:30:00,207755.17,4664835.0,3406283.8,66434420.0,270478049279.99997,438108380.0,2089235.1,860.7824,862.53314,26.830837,47.338764
2015-12-22 04:40:00,209388.36,4694396.0,3325120.2,66231096.0,262576062464.00003,437922940.0,2092944.4,859.2757,861.07104,27.375008,49.24761
2015-12-22 04:50:00,210895.97,4726251.5,3240067.2,65969624.0,254258462720.0,437653820.0,2093503.8,857.4956,859.333,27.93443,51.154938
2015-12-22 05:00:00,212269.81,4760844.0,3152321.0,65652500.0,245433417728.0,437327230.0,2090885.8,866.6663,857.3218,28.485264,52.985012
2015-12-22 05:10:00,213502.02,4798576.0,3063115.5,65283690.0,236080283648.0,436969440.0,2085136.6,887.8799,855.047,29.00438,54.663113
2015-12-22 05:20:00,214585.3,4839819.5,2973686.2,64868476.0,226255732736.0,436609200.0,2076397.9,906.105,852.52435,29.469616,56.116734
2015-12-22 05:30:00,215512.78,4884895.0,2885242.8,64413370.0,216092803072.0,436274240.0,2064879.0,916.8761,849.77576,29.860067,57.276752
2015-12-22 05:40:00,216278.3,4934070.0,2798925.0,63925644.0,205793656832.0,435993060.0,2050867.2,915.26044,846.82916,30.156393,58.078564
2015-12-22 05:50:00,216876.61,4987557.5,2715801.0,63413750.0,195617472512.0,435793280.0,2034712.6,896.98505,843.71747,30.341171,58.463127
2015-12-22 06:00:00,217303.17,5045505.0,2636849.0,62886944.0,185864241152.0,435702750.0,2016825.0,871.8762,840.4789,24.66611,51.83857
2015-12-22 06:10:00,217554.7,5107986.0,2562934.8,62354650.0,176856858624.0,435746900.0,1997648.9,880.3161,837.15546,24.394321,51.191994
2015-12-22 06:20:00,217628.83,5175013.0,2494842.8,61827380.0,168925118464.0,435952160.0,1977680.4,890.31744,833.7929,24.041357,50.056107
2015-12-22 06:30:00,217524.62,5246509.0,2433244.8,61315460.0,162393112576.0,436342530.0,1957429.9,902.0718,830.4399,23.602413,48.400196
2015-12-22 06:40:00,217242.22,5322323.0,2378739.0,60829756.0,157571694592.0,436941500.0,1937427.9,915.771,827.1468,23.074234,46.201527
2015-12-22 06:50:00,216783.2,5402214.0,2331836.5,60380692.0,154757791744.0,437769860.0,1918198.2,931.59515,823.96515,22.455692,43.446175
2015-12-22 07:00:00,216150.22,5485859.0,2292996.0,59978950.0,154238484480.0,438847780.0,1900270.6,949.71155,820.9472,21.748295,40.129593
2015-12-22 07:10:00,215347.66,5572838.0,2262618.0,59634428.0,156298838016.0,440191500.0,1884145.4,970.25635,818.14386,20.956543,36.257034
2015-12-22 07:20:00,214380.78,5662645.5,2241076.2,59356810.0,161230569472.0,441814940.0,1870302.1,993.32605,815.6053,20.088108,31.843534
2015-12-22 07:30:00,213256.36,5754683.0,2228721.5,59155020.0,169338044416.0,443729100.0,1859192.0,1053.6548,813.3789,19.153854,26.913784
2015-12-22 07:40:00,211982.31,5848265.5,2225893.8,59036930.0,180938424320.0,445939900.0,1851222.2,1157.5343,811.5093,18.167662,21.501663
2015-12-22 07:50:00,210567.31,5942616.0,2232931.5,59009350.0,196353851392.0,448448000.0,1846749.9,1259.7185,810.0373,17.146141,15.649587
2015-12-22 08:00:00,209021.45,6036890.0,2250191.8,59078164.0,215895015424.0,451249500.0,1846093.0,1358.9434,808.99915,16.108194,9.407665
2015-12-22 08:10:00,207355.33,6130168.0,2278038.0,59247708.0,239234367488.0,454333570.0,1849507.0,1453.183,808.426,15.074518,2.8327136
2015-12-22 08:20:00,205580.31,6221478.0,2316855.0,59520964.0,266868572159.99997,457684000.0,1857199.6,1540.1062,808.3436,14.067035,-4.0128427
2015-12-22 08:30:00,203708.23,6309803.5,2367042.8,59899240.0,298820698112.0,461276100.0,1869309.2,1617.0869,808.7716,13.108305,-11.06215
2015-12-22 08:40:00,201751.3,6394108.0,2429017.2,60382384.0,334987689984.0,465079740.0,1885919.4,1681.1025,809.72345,12.220913,-18.245167
2015-12-22 08:50:00,199721.94,6473357.0,2503199.8,60968636.0,375175970816.0,469058720.0,1907050.9,1730.4857,811.20605,11.426897,-25.4899
2015-12-22 09:00:00,197632.53,6546539.5,2590008.2,61654580.0,419134701568.0,473170700.0,1932659.4,1765.5518,813.22,5.7857656,-35.514248
2015-12-22 09:10:00,195495.23,6612690.0,2689840.5,62435292.0,466502713344.0,477369150.0,1962637.5,1787.4662,815.759,5.661375,-41.99548
2015-12-22 09:20:00,193322.1,6670926.0,2803068.5,63304736.0,516684972032.0,481605700.0,1996824.8,1799.6761,818.8107,5.721353,-48.34017
2015-12-22 09:30:00,191124.42,6720461.0,2930003.5,64255360.0,568779276288.0,485829400.0,2034990.9,1805.4945,822.3568,5.9762454,-54.4861
2015-12-22 09:40:00,188913.11,6760636.5,3070884.5,65278932.0,621588774912.0,489991000.0,2076862.8,1807.75,826.37354,6.4333935,-60.374687
2015-12-22 09:50:00,186698.12,6790941.5,3225858.5,66366680.0,673683800064.0,494043650.0,2122112.8,1808.059,830.83136,7.096766,-65.951805
2015-12-22 10:00:00,184488.62,6811025.0,3394938.8,67509176.0,723473530880.0,497944740.0,2170371.0,1806.9323,835.69696,7.966935,-71.16844
2015-12-22 10:10:00,182292.75,6820717.5,3578009.5,68697384.0,769265893376.0,501660000.0,2221248.5,1804.6345,840.9328,9.041067,-75.98135
2015-12-22 10:20:00,180117.61,6820022.0,3774783.8,69922584.0,809355378688.0,505161300.0,2274323.5,1801.3694,846.4984,10.313038,-80.35357
2015-12-22 10:30:00,177969.08,6809128.5,3984797.0,71176670.0,843036229632.0,508430900.0,2329167.8,1797.55,852.3511,11.773589,-84.25485
2015-12-22 10:40:00,175851.97,6788391.5,4207389.0,72452550.0,869561270272.0,511461020.0,2385354.0,1793.9973,858.44617,13.410486,-87.66206
2015-12-22 10:50:00,173769.73,6758331.5,4441705.0,73744550.0,888002445312.0,514253900.0,2442463.8,1791.4526,864.73895,15.20872,-90.55951
2015-12-22 11:00:00,171724.67,6719612.0,4686691.0,75048280.0,897805975552.0,516822270.0,2500102.2,1790.4058,871.1843,17.150694,-92.939095
2015-12-22 11:10:00,169718.03,6673013.5,4941112.0,76360904.0,898829713408.0,519188380.0,2557901.5,1791.1854,877.7377,19.216423,-94.800514
2015-12-22 11:20:00,167749.56,6619412.5,5203560.0,77681260.0,891387641856.0,521383420.0,2615534.2,1793.7286,884.3563,21.383743,-96.15116
2015-12-22 11:30:00,165818.2,6559757.0,5472483.5,79009410.0,876265865216.0,523445220.0,2672707.8,1797.7019,890.9992,23.628513,-97.00607
2015-12-22 11:40:00,163921.77,6495033.0,5746231.5,80347160.0,854686367744.0,525417500.0,2729173.8,1802.6417,897.62787,25.924866,-97.387566
2015-12-22 11:50:00,162057.14,6426250.0,6023091.5,81697500.0,828226273280.0,527348770.0,2784738.8,1807.9763,904.2067,28.245472,-97.324844
2015-12-22 12:00:00,160220.42,6354402.0,6301310.0,83064220.0,798661017600.0,529288670.0,2839241.8,1813.1553,910.7035,25.514206,-100.607704
2015-12-22 12:10:00,158407.02,6280453.0,6579191.0,84452300.0,767796707328.0,531287800.0,2892564.0,1817.7545,917.0894,27.647083,-99.627815
2015-12-22 12:20:00,156611.64,6205315.5,6855087.0,85866760.0,737296646144.0,533395680.0,2944629.5,1821.457,923.33966,29.7796,-98.291046
2015-12-22 12:30:00,154828.73,6129838.0,7127497.5,87313450.0,708549017600.0,535659400.0,2995396.8,1824.1292,929.4332,31.879377,-96.65302
2015-12-22 12:40:00,153052.45,6054782.5,7395077.5,88797840.0,682598727680.0,538121340.0,3044849.0,1825.7916,935.353,33.914196,-94.771805
2015-12-22 12:50:00,151276.69,5980823.0,7656675.0,90325224.0,660145438720.0,540818940.0,3092995.5,1826.5894,941.08624,35.85257,-92.706696
2015-12-22 13:00:00,149495.61,5908536.0,7911382.0,91900616.0,641554907136.0,543783300.0,3139863.2,1826.7377,946.6238,37.66435,-90.51706
2015-12-22 13:10:00,147703.38,5838393.5,8158520.5,93527944.0,626915475456.0,547037250.0,3185488.5,1826.5135,951.96063,39.321262,-88.26113
2015-12-22 13:20:00,145894.64,5770764.0,8397681.0,95210570.0,616109899776.0,550596740.0,3229923.2,1826.4054,957.09534,40.797432,-85.99487
2015-12-22 13:30:00,144064.6,5705919.5,8628712.0,96950960.0,608875118592.0,554469900.0,3273240.5,1826.8324,962.0303,42.06986,-83.77087
2015-12-22 13:40:00,142208.95,5644023.5,8851690.0,98749970.0,604822503424.0,558654300.0,3315493.0,1828.0406,966.7709,43.118843,-81.63731
2015-12-22 13:50:00,140324.45,5585148.5,9066938.0,100607740.0,603515256832.0,563139900.0,3356759.2,1829.7904,971.32574,43.92835,-79.63708
2015-12-22 14:00:00,138408.69,5529277.5,9274966.0,102522620.0,604489252864.0,567907400.0,3397112.0,1832.1678,975.7058,44.48626,-77.80694
2015-12-22 14:10:00,136460.19,5476307.5,9476469.0,104492170.0,607290916864.0,572928900.0,3436633.0,1835.1783,979.9248,44.784637,-76.17683
2015-12-22 14:20:00,134478.78,5426062.5,9672258.0,106511976.0,611502063616.0,578167700.0,3475403.8,1838.7756,983.99774,44.81984,-74.7693
2015-12-22 14:30:00,132465.4,5378294.0,9863247.0,108576670.0,616762703872.0,583578700.0,3513504.2,1842.8566,987.9412,44.592598,-73.59914
2015-12-22 14:40:00,130422.17,5332700.5,10050411.0,110679610.0,622778253312.0,589110400.0,3551026.5,1847.2291,991.77277,44.108032,-72.673035
2015-12-22 14:50:00,128352.4,5288924.5,10234704.0,112812360.0,629326413824.0,594703100.0,3588053.2,1851.6576,995.5102,43.375557,-71.989525
2015-12-22 15:00:00,126260.56,5246572.5,10417064.0,114965730.0,636248915968.0,600291400.0,3624666.5,1855.9183,999.17084,46.065258,-71.889565
2015-12-22 15:10:00,124152.34,5205221.5,10598348.0,117129176.0,643444244480.0,605806140.0,3660958.2,1860.34,1002.7716,44.801804,-72.1573
2015-12-22 15:20:00,122034.28,5164428.5,10779297.0,119291300.0,650853941248.0,611173440.0,3697011.5,1864.1731,1006.328,43.302437,-72.64233
2015-12-22 15:30:00,119913.93,5123740.0,10960467.0,121439200.0,658448318464.0,616316350.0,3732882.0,1866.969,1009.8536,41.594063,-73.307816
2015-12-22 15:40:00,117799.55,5082713.0,11142257.0,123560090.0,666216169472.0,621158700.0,3768654.5,1868.5491,1013.35974,39.70735,-74.10983
2015-12-22 15:50:00,115700.05,5040908.0,11324794.0,125639496.0,674154938368.0,625623300.0,3804360.5,1868.8784,1016.85504,37.67624,-74.99817
2015-12-22 16:00:00,113624.836,4997919.0,11507941.0,127662730.0,682259382272.0,629634900.0,3840029.0,1868.02,1020.3448,35.5374,-75.91725
2015-12-22 16:10:00,111583.516,4953370.5,11691310.0,129615380.0,690519539712.0,633123500.0,3875676.5,1866.1245,1023.83093,33.329643,-76.80717
2015-12-22 16:20:00,109585.93,4906931.5,11874137.0,131481740.0,698911227904.0,636022140.0,3911268.8,1863.4065,1027.3116,31.093285,-77.60485
2015-12-22 16:30:00,107641.93,4858326.5,12055383.0,133247016.0,707402268672.0,638272200.0,3946760.2,1860.1008,1030.781,28.86947,-78.24519
2015-12-22 16:40:00,105761.09,4807338.5,12233626.0,134896130.0,715959435264.0,639822500.0,3982067.5,1856.4667,1034.2294,26.699509,-78.66237
2015-12-22 16:50:00,103952.85,4753819.5,12407138.0,136414930.0,724544716800.0,640632100.0,4017071.2,1852.7429,1037.643,24.624182,-78.79103
2015-12-22 17:00:00,102226.18,4697691.0,12573839.0,137789360.0,733121413120.0,640669300.0,4051605.5,1849.1428,1041.0037,22.683084,-78.5676
2015-12-22 17:10:00,100589.58,4638948.0,12731374.0,139007120.0,741689065472.0,639915200.0,4085484.0,1845.8632,1044.2903,20.913969,-77.93149
2015-12-22 17:20:00,99051.03,4577659.5,12877087.0,140056220.0,750257242112.0,638360800.0,4118456.0,1843.0477,1047.478,19.352123,-76.826355
2015-12-22 17:30:00,97617.89,4513971.5,13008162.0,140927100.0,758890627072.0,636012860.0,4150273.0,1840.8027,1050.5386,18.029818,-75.20117
2015-12-22 17:40:00,96296.83,4448088.5,13121551.0,141610560.0,767684837376.0,632884740.0,4180595.8,1839.169,1053.4417,16.975758,-73.01135
2015-12-22 17:50:00,95094.0,4380292.0,13214217.0,142100450.0,776780447744.0,629006300.0,4209104.0,1838.1166,1056.1543,16.214619,-70.21971
2015-12-22 18:00:00,94014.7,4310909.5,13283069.0,142391200.0,786346213376.0,624414800.0,4235413.0,1837.5497,1058.6427,16.491615,-57.45675
2015-12-22 18:10:00,93063.78,4240321.5,13325173.0,142479920.0,796558491648.0,619158400.0,4259118.0,1837.2622,1060.8713,16.528912,-53.177616
2015-12-22 18:20:00,92245.34,4168951.2,13337806.0,142365810.0,807585644544.0,613294600.0,4279814.5,1836.9565,1062.8054,16.868324,-48.29434
2015-12-22 18:30:00,91562.85,4097247.5,13318550.0,142049220.0,819538100224.0,606885800.0,4297056.0,1836.2764,1064.4095,17.512953,-42.808083
2015-12-22 18:40:00,91019.305,4025680.5,13265427.0,141532740.0,832450723840.0,600000100.0,4310389.0,1834.7502,1065.6501,18.461224,-36.72963
2015-12-22 18:50:00,90617.07,3954731.5,13176989.0,140820770.0,846237925376.0,592710800.0,4319379.0,1831.9003,1066.4954,19.706902,-30.079405
2015-12-22 19:00:00,90358.06,3884883.5,13052379.0,139918910.0,860674916352.0,585091600.0,4323584.0,1827.3018,1066.9152,21.239195,-22.887402
2015-12-22 19:10:00,90243.64,3816608.8,12891386.0,138834160.0,875386175488.0,577215900.0,4322564.0,1820.5477,1066.8828,23.042904,-15.192883
2015-12-22 19:20:00,90274.72,3750366.8,12694501.0,137574450.0,889851478016.0,569157250.0,4315914.0,1811.3533,1066.3751,25.098629,-7.043991
2015-12-22 19:30:00,90451.805,3686593.2,12462929.0,136149010.0,903447052288.0,560986300.0,4303269.5,1799.5668,1065.3724,27.383097,1.5028584
2015-12-22 19:40:00,90774.97,3625698.8,12198552.0,134567490.0,915489751040.0,552769300.0,4284286.5,1785.0701,1063.8599,29.869438,10.383653
2015-12-22 19:50:00,91243.8,3568061.0,11903886.0,132840000.0,925302194176.0,544568300.0,4258686.5,1767.782,1061.8267,32.527637,19.527634
2015-12-22 20:00:00,91857.52,3514022.0,11582009.0,130976990.0,932281647104.0,536439680.0,4226241.5,1747.5145,1059.2671,35.324944,28.858257
2015-12-22 20:10:00,92614.96,3463890.5,11236493.0,128989390.0,935942422528.0,528434560.0,4186816.8,1723.8016,1056.1809,38.226326,38.294247
2015-12-22 20:20:00,93514.414,3417933.2,10871250.0,126887840.0,935947206656.0,520596160.0,4140320.8,1695.6857,1052.5721,41.195038,47.750725
2015-12-22 20:30:00,94553.88,3376382.8,10490451.0,124683270.0,932127637504.0,512962620.0,4086775.5,1661.4176,1048.4508,44.193134,57.140465
2015-12-22 20:40:00,95730.74,3339432.2,10098391.0,122386600.0,924511436800.0,505565600.0,4026289.8,1618.3502,1043.8319,47.18205,66.37512
2015-12-22 20:50:00,97042.07,3307240.0,9699339.0,120008264.0,913387421696.0,498429540.0,3959055.8,1562.9464,1038.7347,50.123173,75.3666
2015-12-22 21:00:00,98484.375,3279927.2,9297488.0,117559590.0,899363504128.0,491574720.0,3885394.8,1491.1461,1033.1847,52.978462,84.028305
2015-12-22 21:10:00,100053.695,3257584.0,8896819.0,115051680.0,883271663616.0,485015460.0,3805710.8,1404.5391,1027.2107,55.711014,92.27651
2015-12-22 21:20:00,101745.6,3240266.2,8500999.0,112495310.0,865867202560.0,478761540.0,3720513.2,1362.5697,1020.8474,58.285618,100.031624
2015-12-22 21:30:00,103555.18,3227998.5,8113338.0,109901710.0,847610249216.0,472818000.0,3630395.2,1322.6638,1014.1324,60.669342,107.219444
2015-12-22 21:40:00,105477.05,3220778.2,7736781.5,107282860.0,828747743232.0,467187970.0,3536050.5,1282.965,1007.1079,62.831974,113.77226
2015-12-22 21:50:00,107505.266,3218573.0,7373817.5,104650344.0,809467772928.0,461870600.0,3438236.8,1243.9473,999.8195,64.74656,119.629974
2015-12-22 22:00:00,109633.73,3221324.0,7026515.0,102016500.0,791834722304.0,456863970.0,3337775.0,1206.0399,992.3152,66.389725,124.74101
2015-12-22 22:10:00,111855.68,3228944.8,6696532.0,99393860.0,773865930752.0,452165500.0,3235539.8,1169.6115,984.64624,67.742065,129.06314
2015-12-22 22:20:00,114164.15,3241323.2,6385103.0,96795130.0,755552550912.0,447770400.0,3132415.2,1134.9535,976.86523,68.788376,132.56412
2015-12-22 22:30:00,116552.04,3258323.2,6093103.0,94233380.0,737288257536.0,443675680.0,3029310.5,1102.2826,969.02637,69.51789,135.2222
2015-12-22 22:40:00,119011.73,3279779.2,5821075.5,91721530.0,719387492352.0,439877730.0,2927115.0,1071.7417,961.18475,69.924385,137.02652
2015-12-22 22:50:00,121535.89,3305505.0,5569256.5,89272536.0,702057545728.0,436374460.0,2826693.2,1055.3658,953.3952,70.00621,137.97714
2015-12-22 23:00:00,124116.89,3335284.5,5337635.0,86899050.0,685397704704.0,433164400.0,2728863.0,1066.7893,945.71216,69.76633,138.08519
2015-12-22 23:10:00,126747.24,3368881.8,5125995.0,84613560.0,669400956928.0,430248320.0,2634394.8,1056.5647,938.1888,69.212135,137.37253
2015-12-22 23:20:00,129419.73,3406032.8,4933926.5,82427464.0,653974306816.0,427626850.0,2543966.5,1029.7554,930.8759,68.35541,135.87149
2015-12-22 23:30:00,132127.27,3446449.0,4760882.0,80351350.0,638982291456.0,425302000.0,2458186.0,992.97534,923.82166,67.21199,133.62437
2015-12-22 23:40:00,134863.11,3489822.5,4606216.5,78395270.0,624284336128.0,423277200.0,2377581.8,952.6426,917.0708,65.801575,130.68272
2015-12-22 23:50:00,137620.89,3535818.0,4469172.5,76567360.0,609770536960.0,421554780.0,2302575.8,924.64636,910.66394,64.14736,127.10654
2015-12-23 00:00:00,139785.2,3453781.2,4241762.0,73670104.0,591319203840.0,410988480.0,2204840.2,913.25214,903.88684,63.024174,123.50514
